#Res        AtomicFlx
   1.000       6.8637
   2.000       5.6884
   3.000       3.5362
   4.000       2.2477
   5.000       0.9997
   6.000       0.8965
   7.000       0.6915
   8.000       1.0330
   9.000       1.0727
  10.000       0.9032
  11.000       0.5931
  12.000       1.3253
  13.000       1.5367
  14.000       1.2386
  15.000       0.6828
  16.000       1.1196
  17.000       0.8833
  18.000       1.3538
  19.000       0.7025
  20.000       0.6580
  21.000       0.9583
  22.000       1.5296
  23.000       1.2431
  24.000       0.9687
  25.000       0.9803
  26.000       1.1682
  27.000       1.3362
  28.000       1.0489
  29.000       0.8058
  30.000       0.7782
  31.000       1.0771
  32.000       1.2106
  33.000       0.6841
  34.000       0.8843
  35.000       1.5642
  36.000       1.1536
  37.000       1.4182
  38.000       2.2743
  39.000       1.8117
  40.000       1.0227
  41.000       1.3321
  42.000       1.0202
  43.000       1.6825
  44.000       1.9846
  45.000       3.6247
  46.000       4.8837
  47.000       6.4805
  48.000       7.4244
  49.000       8.6151
  50.000       9.0743
  51.000      10.7597
  52.000      11.5092
  53.000      12.5796
  54.000      13.7865
  55.000      14.6866
  56.000      15.8703
  57.000      17.0622
  58.000      18.7007
  59.000      20.0545
  60.000      19.7669
  61.000      21.2423
  62.000      22.3905
  63.000      23.6764
  64.000      24.2231
  65.000      25.5264
  66.000      27.0314
