#Frame   AVERAGE_00010 AVERAGE_00010[SD]
       1        7.3279            1.2301
       2        5.8169            0.8021
       3        3.9809            0.7995
       4        2.4484            0.3840
       5        1.0277            0.0958
       6        0.8386            0.0550
       7        0.6439            0.0303
       8        0.9983            0.0197
       9        1.0383            0.0517
      10        0.8999            0.0862
      11        0.5948            0.0247
      12        1.3348            0.0319
      13        1.6530            0.0687
      14        1.2460            0.1394
      15        0.6889            0.0616
      16        1.0752            0.0233
      17        0.8037            0.0654
      18        1.2045            0.1192
      19        0.6335            0.0671
      20        0.5883            0.0627
      21        0.8034            0.1299
      22        1.3595            0.1820
      23        1.0457            0.1550
      24        0.8922            0.0820
      25        0.9501            0.0366
      26        1.1580            0.0272
      27        1.2191            0.0644
      28        0.9416            0.0589
      29        0.7301            0.0505
      30        0.6918            0.0544
      31        1.0174            0.0331
      32        1.1851            0.0471
      33        0.6452            0.0594
      34        0.8054            0.0422
      35        1.5427            0.0323
      36        1.0510            0.1242
      37        1.3365            0.2335
      38        2.0908            0.2115
      39        1.6550            0.2741
      40        0.8940            0.1155
      41        1.3340            0.1054
      42        1.0030            0.1134
      43        1.5339            0.2706
      44        2.1061            0.4626
      45        3.2872            0.4541
      46        4.2790            0.6881
      47        5.4647            0.9956
      48        5.3695            1.6897
      49        5.5976            2.6803
      50        5.2231            3.4451
      51        5.9868            3.8040
      52        5.7143            4.3240
      53        6.8379            4.2084
      54        7.3931            4.5413
      55        7.9504            4.8749
      56        9.2575            4.7864
      57       10.5272            4.7686
      58       12.7109            4.3570
      59       13.5259            4.4697
      60       13.0897            4.5408
      61       14.7635            4.2574
      62       16.0213            4.0735
      63       17.5593            3.8777
      64       18.2630            3.7989
      65       19.6194            3.7021
      66       21.2756            3.6106
