#Res        AtomicFlx
   1.000       7.4743
   2.000       5.8218
   3.000       4.5064
   4.000       2.2686
   5.000       1.0381
   6.000       0.7596
   7.000       0.6072
   8.000       0.9808
   9.000       1.0363
  10.000       0.8093
  11.000       0.5954
  12.000       1.3521
  13.000       1.6831
  14.000       1.1923
  15.000       0.6680
  16.000       1.0709
  17.000       0.7337
  18.000       1.0614
  19.000       0.5699
  20.000       0.5120
  21.000       0.6444
  22.000       1.1535
  23.000       0.8716
  24.000       0.8123
  25.000       0.9157
  26.000       1.1164
  27.000       1.1598
  28.000       0.8935
  29.000       0.6864
  30.000       0.6124
  31.000       0.9816
  32.000       1.1513
  33.000       0.6118
  34.000       0.7650
  35.000       1.5579
  36.000       0.8645
  37.000       1.1557
  38.000       1.9676
  39.000       1.1716
  40.000       0.7198
  41.000       1.1777
  42.000       0.9097
  43.000       1.2380
  44.000       1.9427
  45.000       2.9882
  46.000       4.1791
  47.000       5.2258
  48.000       3.7852
  49.000       2.7749
  50.000       1.4604
  51.000       2.4821
  52.000       1.6752
  53.000       3.0598
  54.000       4.2371
  55.000       6.0220
  56.000       7.0170
  57.000       9.2445
  58.000      11.3279
  59.000      12.0932
  60.000      11.2619
  61.000      13.0542
  62.000      14.0986
  63.000      15.8107
  64.000      16.2012
  65.000      17.3395
  66.000      18.7918
