#Res        AtomicFlx
   1.000       8.8259
   2.000       6.6133
   3.000       4.4306
   4.000       2.7728
   5.000       1.1362
   6.000       0.9037
   7.000       0.6649
   8.000       1.0061
   9.000       1.0867
  10.000       1.0472
  11.000       0.6327
  12.000       1.3750
  13.000       1.6980
  14.000       1.3893
  15.000       0.7723
  16.000       1.0651
  17.000       0.8825
  18.000       1.3284
  19.000       0.7125
  20.000       0.6660
  21.000       0.9525
  22.000       1.6084
  23.000       1.2214
  24.000       0.9798
  25.000       0.9975
  26.000       1.1761
  27.000       1.1629
  28.000       0.9042
  29.000       0.6911
  30.000       0.6677
  31.000       0.9992
  32.000       1.1867
  33.000       0.6869
  34.000       0.7949
  35.000       1.5407
  36.000       1.1860
  37.000       1.5684
  38.000       2.1995
  39.000       1.9712
  40.000       0.9257
  41.000       1.3919
  42.000       1.1901
  43.000       1.9650
  44.000       2.9828
  45.000       4.0148
  46.000       5.1926
  47.000       6.5418
  48.000       5.8531
  49.000       5.2994
  50.000       4.3995
  51.000       3.6364
  52.000       3.0587
  53.000       3.8837
  54.000       2.8368
  55.000       3.2726
  56.000       5.1196
  57.000       6.5888
  58.000       9.1997
  59.000      10.0440
  60.000       9.7873
  61.000      11.6762
  62.000      13.3998
  63.000      15.1111
  64.000      16.1353
  65.000      17.8341
  66.000      19.8068
