#Res        AtomicFlx
   1.000       5.2565
   2.000       4.3989
   3.000       2.6249
   4.000       1.9483
   5.000       0.8617
   6.000       0.8035
   7.000       0.6256
   8.000       0.9906
   9.000       0.9407
  10.000       0.8178
  11.000       0.5549
  12.000       1.2797
  13.000       1.6174
  14.000       1.0174
  15.000       0.5902
  16.000       1.0509
  17.000       0.7556
  18.000       1.0921
  19.000       0.5473
  20.000       0.5390
  21.000       0.6964
  22.000       1.1836
  23.000       0.9561
  24.000       0.7789
  25.000       0.9019
  26.000       1.1378
  27.000       1.2309
  28.000       0.9002
  29.000       0.6914
  30.000       0.7123
  31.000       1.0024
  32.000       1.1205
  33.000       0.5436
  34.000       0.8079
  35.000       1.4811
  36.000       0.9472
  37.000       0.9781
  38.000       1.7337
  39.000       1.5672
  40.000       0.8043
  41.000       1.2776
  42.000       0.8635
  43.000       1.2690
  44.000       1.6045
  45.000       2.8545
  46.000       3.8451
  47.000       5.2409
  48.000       6.7438
  49.000       8.7115
  50.000       9.4250
  51.000      10.4762
  52.000      10.4147
  53.000      11.3390
  54.000      11.9672
  55.000      12.7759
  56.000      14.0722
  57.000      15.0168
  58.000      16.8641
  59.000      17.2901
  60.000      16.9567
  61.000      18.0928
  62.000      18.9923
  63.000      20.2645
  64.000      21.0034
  65.000      22.1301
  66.000      23.6980
