#Res        AtomicFlx
   1.000       8.2190
   2.000       6.5621
   3.000       4.8062
   4.000       3.0046
   5.000       1.1030
   6.000       0.8299
   7.000       0.6301
   8.000       0.9809
   9.000       1.0553
  10.000       0.9219
  11.000       0.5981
  12.000       1.3418
  13.000       1.7297
  14.000       1.3924
  15.000       0.7313
  16.000       1.0694
  17.000       0.7634
  18.000       1.1866
  19.000       0.6353
  20.000       0.5663
  21.000       0.7655
  22.000       1.3225
  23.000       0.9362
  24.000       0.9212
  25.000       0.9550
  26.000       1.1916
  27.000       1.2055
  28.000       0.9612
  29.000       0.7756
  30.000       0.6884
  31.000       1.0267
  32.000       1.2566
  33.000       0.6997
  34.000       0.7748
  35.000       1.5697
  36.000       1.1037
  37.000       1.5623
  38.000       2.2790
  39.000       1.7534
  40.000       0.9976
  41.000       1.4909
  42.000       1.0316
  43.000       1.5149
  44.000       2.0159
  45.000       2.9538
  46.000       3.2947
  47.000       3.8347
  48.000       3.0412
  49.000       2.5871
  50.000       1.7563
  51.000       2.5795
  52.000       1.9139
  53.000       3.3273
  54.000       4.1377
  55.000       2.9947
  56.000       4.2084
  57.000       4.7237
  58.000       7.4622
  59.000       8.1479
  60.000       7.6759
  61.000       9.7520
  62.000      11.2251
  63.000      12.9337
  64.000      13.7520
  65.000      15.2667
  66.000      17.0498
