#Res        AtomicFlx
  67.000       4.9753
  68.000       3.7409
  69.000       3.0581
  70.000       1.6772
  71.000       0.9479
  72.000       0.7153
  73.000       0.4954
  74.000       0.9176
  75.000       0.9948
  76.000       0.8310
  77.000       0.5099
  78.000       1.2635
  79.000       1.6142
  80.000       1.1987
  81.000       0.6106
  82.000       0.9105
  83.000       0.6879
  84.000       1.0239
  85.000       0.5238
  86.000       0.4970
  87.000       0.6115
  88.000       1.1199
  89.000       0.8260
  90.000       0.8140
  91.000       0.9708
  92.000       1.1611
  93.000       1.1238
  94.000       0.8000
  95.000       0.5844
  96.000       0.5522
  97.000       0.8285
  98.000       0.9599
  99.000       0.4574
 100.000       0.5657
 101.000       1.2328
 102.000       0.6681
 103.000       0.7365
 104.000       0.8624
 105.000       1.2751
 106.000       0.5402
 107.000       0.9106
 108.000       0.7768
 109.000       1.0607
 110.000       1.4192
 111.000       2.2125
 112.000       2.8697
 113.000       3.1869
 114.000       2.7941
 115.000       2.4207
 116.000       1.1619
 117.000       2.1981
 118.000       0.7716
 119.000       1.1045
 120.000       1.0114
 121.000       1.1510
 122.000       2.1439
 123.000       2.4492
 124.000       3.6986
 125.000       4.2217
 126.000       4.4651
 127.000       6.1542
 128.000       8.2050
 129.000       9.7966
 130.000      11.2460
 131.000      13.0623
 132.000      15.0131
