#Frame   AVERAGE_00010 AVERAGE_00010[SD]
       1        7.4705            0.7654
       2        5.9372            0.7158
       3        4.1378            0.3305
       4        2.0194            0.2666
       5        0.9504            0.0179
       6        0.7262            0.0222
       7        0.5030            0.0091
       8        0.9643            0.0311
       9        0.9873            0.0115
      10        0.7036            0.0677
      11        0.5256            0.0189
      12        1.2812            0.0193
      13        1.6010            0.0340
      14        1.1805            0.0342
      15        0.6232            0.0293
      16        0.9496            0.0333
      17        0.7011            0.0120
      18        1.0263            0.0132
      19        0.5281            0.0099
      20        0.4982            0.0087
      21        0.6094            0.0220
      22        1.1334            0.0312
      23        0.8162            0.0351
      24        0.8001            0.0346
      25        0.9448            0.0234
      26        1.1452            0.0205
      27        1.1333            0.0154
      28        0.8099            0.0172
      29        0.5968            0.0143
      30        0.5713            0.0181
      31        0.8603            0.0213
      32        0.9841            0.0092
      33        0.4827            0.0363
      34        0.6161            0.0510
      35        1.2999            0.0596
      36        0.7481            0.1042
      37        0.8584            0.2000
      38        0.8609            0.1055
      39        1.2522            0.0203
      40        0.5430            0.0094
      41        0.9325            0.0156
      42        0.8006            0.0150
      43        1.1052            0.0507
      44        1.5140            0.0871
      45        2.2266            0.1279
      46        2.8577            0.1704
      47        3.2047            0.2604
      48        2.6683            0.2484
      49        2.3288            0.2341
      50        1.2100            0.0353
      51        2.2694            0.0438
      52        0.7951            0.0236
      53        1.1129            0.0093
      54        1.0116            0.0193
      55        1.2041            0.0498
      56        2.2214            0.0863
      57        2.6850            0.1592
      58        3.6978            0.2338
      59        4.3313            0.2406
      60        4.5922            0.1942
      61        6.3466            0.1710
      62        8.1433            0.2267
      63        9.8368            0.2385
      64       10.9730            0.1718
      65       12.7768            0.2997
      66       14.7518            0.4136
