#Res        AtomicFlx
   1.000       6.3242
   2.000       4.7795
   3.000       3.7663
   4.000       2.4877
   5.000       0.9307
   6.000       0.7129
   7.000       0.4967
   8.000       0.9254
   9.000       0.9836
  10.000       0.6200
  11.000       0.5038
  12.000       1.2583
  13.000       1.5847
  14.000       1.1430
  15.000       0.5980
  16.000       0.9172
  17.000       0.6941
  18.000       1.0076
  19.000       0.5175
  20.000       0.4942
  21.000       0.5986
  22.000       1.1030
  23.000       0.8007
  24.000       0.7761
  25.000       0.9389
  26.000       1.1424
  27.000       1.1081
  28.000       0.7850
  29.000       0.5725
  30.000       0.5698
  31.000       0.8300
  32.000       0.9752
  33.000       0.4498
  34.000       0.5630
  35.000       1.2528
  36.000       0.6629
  37.000       0.6998
  38.000       0.8505
  39.000       1.2408
  40.000       0.5299
  41.000       0.9306
  42.000       0.7887
  43.000       1.1159
  44.000       1.6020
  45.000       2.2491
  46.000       2.9035
  47.000       3.4302
  48.000       2.8173
  49.000       2.3847
  50.000       1.2146
  51.000       2.3325
  52.000       0.7849
  53.000       1.1159
  54.000       1.0283
  55.000       1.2386
  56.000       2.3025
  57.000       2.8395
  58.000       3.9435
  59.000       4.5728
  60.000       4.8085
  61.000       6.4648
  62.000       8.4299
  63.000       9.9627
  64.000      11.1339
  65.000      13.0426
  66.000      14.9259
