#Res        AtomicFlx
   1.000       8.5220
   2.000       6.6566
   3.000       4.6060
   4.000       2.0728
   5.000       0.9616
   6.000       0.7317
   7.000       0.5115
   8.000       1.0002
   9.000       1.0087
  10.000       0.7342
  11.000       0.5118
  12.000       1.2642
  13.000       1.5413
  14.000       1.1398
  15.000       0.5953
  16.000       0.9477
  17.000       0.7078
  18.000       1.0299
  19.000       0.5203
  20.000       0.4859
  21.000       0.5718
  22.000       1.0894
  23.000       0.7540
  24.000       0.7436
  25.000       0.9013
  26.000       1.1063
  27.000       1.1307
  28.000       0.8028
  29.000       0.5965
  30.000       0.6006
  31.000       0.8714
  32.000       1.0000
  33.000       0.5063
  34.000       0.6486
  35.000       1.3008
  36.000       0.8296
  37.000       0.9552
  38.000       0.9992
  39.000       1.2346
  40.000       0.5477
  41.000       0.9282
  42.000       0.7777
  43.000       1.0200
  44.000       1.3617
  45.000       2.0107
  46.000       2.5689
  47.000       2.6967
  48.000       2.2181
  49.000       1.8835
  50.000       1.1411
  51.000       2.2786
  52.000       0.7539
  53.000       1.0957
  54.000       1.0096
  55.000       1.2225
  56.000       2.2080
  57.000       2.6917
  58.000       3.4131
  59.000       4.0857
  60.000       4.4056
  61.000       6.1723
  62.000       8.0984
  63.000       9.5737
  64.000      10.6646
  65.000      12.2243
  66.000      14.0296
