#Res        AtomicFlx
  67.000       8.1604
  68.000       6.1938
  69.000       4.4809
  70.000       1.9895
  71.000       0.9584
  72.000       0.7538
  73.000       0.4991
  74.000       0.9369
  75.000       0.9973
  76.000       0.6991
  77.000       0.5467
  78.000       1.3014
  79.000       1.6008
  80.000       1.2667
  81.000       0.6638
  82.000       1.0282
  83.000       0.7237
  84.000       1.0612
  85.000       0.5360
  86.000       0.5006
  87.000       0.6112
  88.000       1.1443
  89.000       0.7999
  90.000       0.7741
  91.000       0.9328
  92.000       1.1550
  93.000       1.1630
  94.000       0.8103
  95.000       0.5943
  96.000       0.5607
  97.000       0.9080
  98.000       0.9999
  99.000       0.4892
 100.000       0.6254
 101.000       1.2846
 102.000       0.7418
 103.000       0.8236
 104.000       0.9454
 105.000       1.2615
 106.000       0.5823
 107.000       0.9373
 108.000       0.7996
 109.000       1.1012
 110.000       1.5110
 111.000       2.1699
 112.000       2.8119
 113.000       3.0568
 114.000       2.4300
 115.000       2.0887
 116.000       1.1744
 117.000       2.3283
 118.000       0.8062
 119.000       1.1165
 120.000       1.0355
 121.000       1.2475
 122.000       2.2233
 123.000       2.7437
 124.000       3.6527
 125.000       4.4020
 126.000       4.5827
 127.000       6.1728
 128.000       7.7985
 129.000       9.2859
 130.000      10.0329
 131.000      11.5459
 132.000      13.1855
