#Res        AtomicFlx
  67.000       8.4462
  68.000       6.1635
  69.000       4.7265
  70.000       2.6817
  71.000       0.9724
  72.000       0.7446
  73.000       0.5108
  74.000       0.9775
  75.000       0.9769
  76.000       0.8426
  77.000       0.5487
  78.000       1.3114
  79.000       1.6369
  80.000       1.2304
  81.000       0.6819
  82.000       1.0129
  83.000       0.7207
  84.000       1.0699
  85.000       0.5489
  86.000       0.5161
  87.000       0.6447
  88.000       1.1824
  89.000       0.8634
  90.000       0.8398
  91.000       0.9756
  92.000       1.1818
  93.000       1.1730
  94.000       0.8330
  95.000       0.6083
  96.000       0.5744
  97.000       0.9114
  98.000       1.0027
  99.000       0.5229
 100.000       0.6694
 101.000       1.2972
 102.000       0.8467
 103.000       0.9736
 104.000       1.0884
 105.000       1.3354
 106.000       0.5780
 107.000       0.9757
 108.000       0.8393
 109.000       1.2248
 110.000       1.6781
 111.000       2.7543
 112.000       3.4765
 113.000       4.1610
 114.000       3.0514
 115.000       2.5588
 116.000       1.3852
 117.000       2.4679
 118.000       0.8792
 119.000       1.2039
 120.000       1.1095
 121.000       1.3125
 122.000       2.3553
 123.000       2.8748
 124.000       3.9945
 125.000       4.6684
 126.000       4.8566
 127.000       6.5484
 128.000       8.3402
 129.000       9.8509
 130.000      11.0278
 131.000      12.8605
 132.000      15.0027
