#Res        AtomicFlx
   1.000       7.7905
   2.000       6.3980
   3.000       4.2163
   4.000       1.9413
   5.000       0.9800
   6.000       0.7419
   7.000       0.5109
   8.000       0.9483
   9.000       0.9864
  10.000       0.6755
  11.000       0.5399
  12.000       1.2973
  13.000       1.6309
  14.000       1.2204
  15.000       0.6429
  16.000       0.9733
  17.000       0.7101
  18.000       1.0343
  19.000       0.5416
  20.000       0.5117
  21.000       0.6336
  22.000       1.1644
  23.000       0.8429
  24.000       0.8325
  25.000       0.9613
  26.000       1.1585
  27.000       1.1538
  28.000       0.8348
  29.000       0.6120
  30.000       0.5573
  31.000       0.8822
  32.000       0.9838
  33.000       0.4632
  34.000       0.5904
  35.000       1.2598
  36.000       0.6776
  37.000       0.7316
  38.000       0.7428
  39.000       1.2748
  40.000       0.5577
  41.000       0.9593
  42.000       0.8145
  43.000       1.1000
  44.000       1.5940
  45.000       2.3555
  46.000       3.0488
  47.000       3.3118
  48.000       2.8078
  49.000       2.4219
  50.000       1.2250
  51.000       2.2003
  52.000       0.8139
  53.000       1.1227
  54.000       1.0128
  55.000       1.2614
  56.000       2.3217
  57.000       2.8770
  58.000       3.7952
  59.000       4.5990
  60.000       4.8338
  61.000       6.6245
  62.000       8.3731
  63.000      10.2360
  64.000      11.1286
  65.000      12.7052
  66.000      14.5712
