#Res        AtomicFlx
  67.000       6.7184
  68.000       5.1568
  69.000       3.6497
  70.000       1.8650
  71.000       0.9181
  72.000       0.8065
  73.000       0.5035
  74.000       0.9691
  75.000       1.0287
  76.000       0.6918
  77.000       0.5795
  78.000       1.3232
  79.000       1.5492
  80.000       1.3209
  81.000       0.6929
  82.000       1.1129
  83.000       0.7444
  84.000       1.1081
  85.000       0.5470
  86.000       0.4962
  87.000       0.6103
  88.000       1.1480
  89.000       0.7937
  90.000       0.7589
  91.000       0.9239
  92.000       1.1516
  93.000       1.2292
  94.000       0.8656
  95.000       0.6354
  96.000       0.5879
  97.000       0.9608
  98.000       1.0592
  99.000       0.5700
 100.000       0.6878
 101.000       1.4290
 102.000       0.8864
 103.000       0.9142
 104.000       0.9788
 105.000       1.2550
 106.000       0.6176
 107.000       0.9807
 108.000       0.7358
 109.000       1.0047
 110.000       1.4780
 111.000       2.5075
 112.000       2.9098
 113.000       3.1980
 114.000       2.6755
 115.000       2.2372
 116.000       1.3820
 117.000       2.4597
 118.000       0.8152
 119.000       1.1375
 120.000       1.0983
 121.000       1.3588
 122.000       2.2196
 123.000       2.6575
 124.000       3.3751
 125.000       4.0699
 126.000       4.4466
 127.000       6.2558
 128.000       7.9389
 129.000       9.6255
 130.000      10.4570
 131.000      12.2200
 132.000      14.3594
