#Res        AtomicFlx
   1.000       6.9209
   2.000       5.4302
   3.000       3.7609
   4.000       1.9175
   5.000       0.9404
   6.000       0.6908
   7.000       0.4881
   8.000       1.0021
   9.000       0.9833
  10.000       0.8180
  11.000       0.5175
  12.000       1.2771
  13.000       1.6249
  14.000       1.2150
  15.000       0.6089
  16.000       0.9109
  17.000       0.6807
  18.000       1.0154
  19.000       0.5226
  20.000       0.4960
  21.000       0.6214
  22.000       1.1478
  23.000       0.8369
  24.000       0.8244
  25.000       0.9635
  26.000       1.1606
  27.000       1.1299
  28.000       0.8225
  29.000       0.6103
  30.000       0.5801
  31.000       0.8396
  32.000       0.9866
  33.000       0.5426
  34.000       0.7001
  35.000       1.4146
  36.000       0.9130
  37.000       1.2093
  38.000       0.9618
  39.000       1.2786
  40.000       0.5420
  41.000       0.9107
  42.000       0.8058
  43.000       1.1115
  44.000       1.4909
  45.000       2.3484
  46.000       2.9881
  47.000       3.3333
  48.000       2.9089
  49.000       2.5771
  50.000       1.2380
  51.000       2.2873
  52.000       0.8048
  53.000       1.1183
  54.000       1.0305
  55.000       1.1766
  56.000       2.0812
  57.000       2.4667
  58.000       3.4230
  59.000       4.0199
  60.000       4.3799
  61.000       6.2351
  62.000       7.8410
  63.000       9.7597
  64.000      11.0028
  65.000      13.0005
  66.000      15.1673
