#Frame   AVERAGE_00010 AVERAGE_00010[SD]
       1        7.2621            1.2879
       2        5.4686            0.9460
       3        4.0427            0.6081
       4        2.0482            0.3395
       5        0.9531            0.0195
       6        0.7545            0.0295
       7        0.5043            0.0067
       8        0.9673            0.0404
       9        0.9980            0.0169
      10        0.7676            0.0634
      11        0.5417            0.0238
      12        1.2945            0.0227
      13        1.6011            0.0288
      14        1.2668            0.0479
      15        0.6562            0.0308
      16        1.0105            0.0653
      17        0.7190            0.0181
      18        1.0690            0.0275
      19        0.5375            0.0094
      20        0.5017            0.0073
      21        0.6181            0.0133
      22        1.1437            0.0223
      23        0.8148            0.0273
      24        0.7905            0.0312
      25        0.9444            0.0240
      26        1.1600            0.0115
      27        1.1726            0.0337
      28        0.8257            0.0227
      29        0.6053            0.0172
      30        0.5725            0.0142
      31        0.9018            0.0424
      32        1.0074            0.0319
      33        0.5251            0.0482
      34        0.6545            0.0546
      35        1.3309            0.0760
      36        0.8303            0.1177
      37        0.9257            0.1507
      38        1.1042            0.2804
      39        1.2988            0.0444
      40        0.5827            0.0253
      41        0.9532            0.0261
      42        0.7928            0.0350
      43        1.0888            0.0746
      44        1.5176            0.0864
      45        2.3979            0.2136
      46        3.0585            0.2533
      47        3.5116            0.4537
      48        2.7730            0.2121
      49        2.3262            0.1596
      50        1.2756            0.0964
      51        2.3481            0.1034
      52        0.8123            0.0366
      53        1.1375            0.0349
      54        1.0755            0.0439
      55        1.2645            0.0700
      56        2.2170            0.0775
      57        2.6559            0.1474
      58        3.6404            0.2120
      59        4.2915            0.2221
      60        4.5587            0.1576
      61        6.2428            0.1624
      62        7.9688            0.2791
      63        9.5821            0.2285
      64       10.6815            0.4269
      65       12.4666            0.5385
      66       14.4451            0.6746
