#Res        AtomicFlx
   1.000       7.7949
   2.000       6.4217
   3.000       4.3394
   4.000       1.6776
   5.000       0.9394
   6.000       0.7539
   7.000       0.5076
   8.000       0.9453
   9.000       0.9743
  10.000       0.6703
  11.000       0.5549
  12.000       1.3089
  13.000       1.6233
  14.000       1.1843
  15.000       0.6710
  16.000       0.9989
  17.000       0.7127
  18.000       1.0445
  19.000       0.5384
  20.000       0.5033
  21.000       0.6218
  22.000       1.1626
  23.000       0.8465
  24.000       0.8239
  25.000       0.9588
  26.000       1.1581
  27.000       1.1442
  28.000       0.8045
  29.000       0.5929
  30.000       0.5488
  31.000       0.8782
  32.000       0.9749
  33.000       0.4514
  34.000       0.5782
  35.000       1.2715
  36.000       0.6575
  37.000       0.6963
  38.000       0.7501
  39.000       1.2320
  40.000       0.5377
  41.000       0.9335
  42.000       0.8162
  43.000       1.1786
  44.000       1.5212
  45.000       2.1693
  46.000       2.7794
  47.000       3.2516
  48.000       2.5892
  49.000       2.3766
  50.000       1.2314
  51.000       2.2485
  52.000       0.8181
  53.000       1.1121
  54.000       0.9767
  55.000       1.1215
  56.000       2.1938
  57.000       2.5500
  58.000       3.9142
  59.000       4.3789
  60.000       4.5330
  61.000       6.2361
  62.000       7.9741
  63.000       9.6520
  64.000      10.9353
  65.000      12.9112
  66.000      15.0651
