#Res        AtomicFlx
  67.000       8.0104
  68.000       6.0880
  69.000       4.2983
  70.000       2.0275
  71.000       0.9689
  72.000       0.7523
  73.000       0.5129
  74.000       1.0356
  75.000       0.9925
  76.000       0.7734
  77.000       0.5239
  78.000       1.2730
  79.000       1.6046
  80.000       1.3175
  81.000       0.6317
  82.000       0.9879
  83.000       0.7184
  84.000       1.0819
  85.000       0.5320
  86.000       0.4988
  87.000       0.6128
  88.000       1.1238
  89.000       0.7909
  90.000       0.7659
  91.000       0.9187
  92.000       1.1506
  93.000       1.1740
  94.000       0.8194
  95.000       0.6043
  96.000       0.5871
  97.000       0.9003
  98.000       1.0155
  99.000       0.5861
 100.000       0.7241
 101.000       1.4108
 102.000       1.0083
 103.000       1.1805
 104.000       1.6458
 105.000       1.3668
 106.000       0.5954
 107.000       0.9619
 108.000       0.8127
 109.000       1.0525
 110.000       1.5017
 111.000       2.3455
 112.000       3.2245
 113.000       3.9553
 114.000       2.9141
 115.000       2.3258
 116.000       1.2746
 117.000       2.2866
 118.000       0.7894
 119.000       1.1252
 120.000       1.1229
 121.000       1.2526
 122.000       2.1429
 123.000       2.5544
 124.000       3.4810
 125.000       4.0955
 126.000       4.4423
 127.000       6.0828
 128.000       7.5614
 129.000       9.3515
 130.000      10.6439
 131.000      12.6444
 132.000      14.6646
