#Res        AtomicFlx
 131.000       7.9603
 132.000       6.3538
 133.000       4.1375
 134.000       1.8347
 135.000       0.8640
 136.000       0.6459
 137.000       0.4576
 138.000       0.9693
 139.000       0.9488
 140.000       0.7197
 141.000       0.5021
 142.000       1.2459
 143.000       1.6550
 144.000       1.0961
 145.000       0.5159
 146.000       0.4676
 147.000       0.4727
 148.000       1.0352
 149.000       0.4710
 150.000       0.4134
 151.000       0.5048
 152.000       1.1036
 153.000       0.7565
 154.000       0.6924
 155.000       0.7645
 156.000       1.0173
 157.000       0.4610
 158.000       0.5071
 159.000       0.4362
 160.000       0.4198
 161.000       0.4592
 162.000       0.7988
 163.000       0.4467
 164.000       0.6065
 165.000       1.6517
 166.000       0.8805
 167.000       1.0836
 168.000       0.7501
 169.000       1.0848
 170.000       0.5233
 171.000       0.9066
 172.000       0.7746
 173.000       1.1321
 174.000       1.6439
 175.000       2.3454
 176.000       2.9086
 177.000       2.9761
 178.000       2.3431
 179.000       2.0449
 180.000       1.5820
 181.000       2.3145
 182.000       0.6653
 183.000       1.0174
 184.000       0.8237
 185.000       1.1278
 186.000       1.3584
 187.000       1.6792
 188.000       1.7705
 189.000       2.1951
 190.000       2.9748
 191.000       4.8297
 192.000       5.3501
 193.000       5.9478
 194.000       6.9389
 195.000       9.0535
 196.000      10.7823
