#Res        AtomicFlx
  65.000       8.2988
  66.000       6.1078
  67.000       3.8747
  68.000       1.7842
  69.000       0.8744
  70.000       0.7018
  71.000       0.4840
  72.000       0.9392
  73.000       0.9471
  74.000       0.6595
  75.000       0.4760
  76.000       1.2425
  77.000       1.5995
  78.000       1.3171
  79.000       0.6015
  80.000       0.6455
  81.000       0.4801
  82.000       1.0733
  83.000       0.4989
  84.000       0.4195
  85.000       0.5209
  86.000       1.0543
  87.000       0.6396
  88.000       0.6268
  89.000       0.7620
  90.000       1.0496
  91.000       0.6324
  92.000       0.6400
  93.000       0.4735
  94.000       0.4609
  95.000       0.4857
  96.000       0.7670
  97.000       0.4228
  98.000       0.5275
  99.000       1.5743
 100.000       0.5854
 101.000       0.6565
 102.000       0.6570
 103.000       1.1487
 104.000       0.5199
 105.000       0.8889
 106.000       0.6988
 107.000       0.9544
 108.000       1.2028
 109.000       1.9374
 110.000       2.3900
 111.000       3.2195
 112.000       2.0697
 113.000       1.6869
 114.000       1.0827
 115.000       2.2769
 116.000       0.7223
 117.000       1.0297
 118.000       0.9901
 119.000       1.1264
 120.000       1.3755
 121.000       1.6633
 122.000       1.7456
 123.000       1.9375
 124.000       2.3559
 125.000       4.0084
 126.000       5.1385
 127.000       6.6990
 128.000       7.3482
 129.000       9.1903
 130.000      11.0520
