#Res        AtomicFlx
  65.000       8.2252
  66.000       6.6370
  67.000       4.6958
  68.000       2.0986
  69.000       0.9393
  70.000       0.6725
  71.000       0.5100
  72.000       0.9382
  73.000       0.9266
  74.000       0.6071
  75.000       0.4433
  76.000       1.1995
  77.000       1.5893
  78.000       1.0588
  79.000       0.4609
  80.000       0.4331
  81.000       0.4287
  82.000       1.0371
  83.000       0.4454
  84.000       0.3855
  85.000       0.4674
  86.000       0.9745
  87.000       0.5846
  88.000       0.5742
  89.000       0.6487
  90.000       0.5452
  91.000       0.3952
  92.000       0.4022
  93.000       0.3449
  94.000       0.3626
  95.000       0.3892
  96.000       0.4990
  97.000       0.3719
  98.000       0.4589
  99.000       1.4296
 100.000       0.4773
 101.000       0.5554
 102.000       0.4739
 103.000       1.0781
 104.000       0.4982
 105.000       0.8891
 106.000       0.7320
 107.000       0.8771
 108.000       1.1593
 109.000       1.7798
 110.000       2.1951
 111.000       2.6502
 112.000       2.1624
 113.000       1.7948
 114.000       1.0452
 115.000       2.2864
 116.000       0.6245
 117.000       0.9563
 118.000       0.7582
 119.000       0.8714
 120.000       1.0369
 121.000       1.2479
 122.000       1.3878
 123.000       1.6419
 124.000       2.1781
 125.000       3.7659
 126.000       4.3872
 127.000       5.9208
 128.000       7.2289
 129.000       9.5270
 130.000      11.3781
