#Res        AtomicFlx
  65.000       7.6566
  66.000       5.9606
  67.000       3.9184
  68.000       1.9125
  69.000       0.9177
  70.000       0.7433
  71.000       0.5129
  72.000       0.9408
  73.000       0.9691
  74.000       0.8157
  75.000       0.4612
  76.000       1.2327
  77.000       1.6984
  78.000       1.1958
  79.000       0.5136
  80.000       0.4932
  81.000       0.4726
  82.000       1.0765
  83.000       0.4759
  84.000       0.4266
  85.000       0.5197
  86.000       1.0171
  87.000       0.6619
  88.000       0.6399
  89.000       0.7542
  90.000       0.9105
  91.000       0.4665
  92.000       0.5278
  93.000       0.4444
  94.000       0.4375
  95.000       0.4323
  96.000       0.6600
  97.000       0.3909
  98.000       0.4942
  99.000       1.5453
 100.000       0.5628
 101.000       0.6175
 102.000       0.6359
 103.000       1.1459
 104.000       0.5269
 105.000       0.8763
 106.000       0.7385
 107.000       1.0373
 108.000       1.3429
 109.000       2.6701
 110.000       2.8958
 111.000       3.5445
 112.000       2.7176
 113.000       2.0397
 114.000       1.1065
 115.000       2.2946
 116.000       0.7290
 117.000       1.0142
 118.000       0.8835
 119.000       1.1691
 120.000       1.3953
 121.000       1.7406
 122.000       1.8414
 123.000       2.1195
 124.000       2.5788
 125.000       4.2910
 126.000       5.5564
 127.000       6.7349
 128.000       8.0658
 129.000       9.9006
 130.000      11.7637
