#Res        AtomicFlx
 131.000       7.6414
 132.000       6.1122
 133.000       4.2905
 134.000       1.9086
 135.000       0.9252
 136.000       0.6442
 137.000       0.4847
 138.000       0.9641
 139.000       0.9149
 140.000       0.5990
 141.000       0.4423
 142.000       1.1926
 143.000       1.6422
 144.000       0.9879
 145.000       0.4475
 146.000       0.4183
 147.000       0.4369
 148.000       1.0184
 149.000       0.4414
 150.000       0.3897
 151.000       0.4707
 152.000       0.9925
 153.000       0.6038
 154.000       0.5925
 155.000       0.6541
 156.000       0.5363
 157.000       0.4015
 158.000       0.4016
 159.000       0.3555
 160.000       0.3683
 161.000       0.3958
 162.000       0.5361
 163.000       0.4314
 164.000       0.5428
 165.000       1.3810
 166.000       0.7689
 167.000       1.1366
 168.000       0.6102
 169.000       1.0821
 170.000       0.5370
 171.000       0.8735
 172.000       0.7412
 173.000       0.9404
 174.000       1.1972
 175.000       1.8089
 176.000       2.2243
 177.000       2.7519
 178.000       2.0932
 179.000       1.8388
 180.000       1.0209
 181.000       2.2910
 182.000       0.6381
 183.000       0.9959
 184.000       0.8133
 185.000       0.9041
 186.000       1.2505
 187.000       1.4369
 188.000       1.5959
 189.000       1.9013
 190.000       2.7485
 191.000       4.4162
 192.000       5.8046
 193.000       7.4227
 194.000       8.4305
 195.000      10.3201
 196.000      12.2978
