#Res        AtomicFlx
 131.000       8.4296
 132.000       6.2989
 133.000       3.9325
 134.000       1.9055
 135.000       0.9194
 136.000       0.7093
 137.000       0.4960
 138.000       0.9078
 139.000       0.9820
 140.000       0.7012
 141.000       0.4532
 142.000       1.2125
 143.000       1.5863
 144.000       1.1377
 145.000       0.5283
 146.000       0.5012
 147.000       0.4714
 148.000       1.0382
 149.000       0.4677
 150.000       0.4258
 151.000       0.5251
 152.000       1.0644
 153.000       0.6723
 154.000       0.6447
 155.000       0.7648
 156.000       0.9944
 157.000       0.4722
 158.000       0.5220
 159.000       0.4506
 160.000       0.4345
 161.000       0.4367
 162.000       0.7665
 163.000       0.4039
 164.000       0.4925
 165.000       1.5214
 166.000       0.5594
 167.000       0.6419
 168.000       0.7065
 169.000       1.1256
 170.000       0.5337
 171.000       0.8357
 172.000       0.7101
 173.000       0.9628
 174.000       1.2854
 175.000       2.0965
 176.000       2.6708
 177.000       3.5076
 178.000       2.4928
 179.000       1.9738
 180.000       1.1181
 181.000       2.2449
 182.000       0.7386
 183.000       1.0461
 184.000       0.9674
 185.000       1.0652
 186.000       1.3805
 187.000       1.5853
 188.000       1.7004
 189.000       1.9669
 190.000       2.2553
 191.000       3.5212
 192.000       5.1705
 193.000       6.8627
 194.000       8.4991
 195.000      10.7095
 196.000      13.0297
