#Frame   AVERAGE_00010 AVERAGE_00010[SD]
       1        7.2856            1.0556
       2        5.5667            0.9601
       3        3.8036            0.5660
       4        1.7861            0.2250
       5        0.8871            0.0491
       6        0.7039            0.0313
       7        0.4946            0.0154
       8        0.9326            0.0117
       9        0.9466            0.0313
      10        0.6949            0.1079
      11        0.4578            0.0150
      12        1.2131            0.0212
      13        1.6224            0.0463
      14        1.1148            0.1237
      15        0.5085            0.0496
      16        0.4962            0.0774
      17        0.4588            0.0178
      18        1.0406            0.0313
      19        0.4663            0.0191
      20        0.4134            0.0143
      21        0.5056            0.0199
      22        1.0096            0.0262
      23        0.6357            0.0333
      24        0.6205            0.0250
      25        0.7371            0.0465
      26        0.8878            0.1779
      27        0.4770            0.0815
      28        0.5206            0.0778
      29        0.4336            0.0463
      30        0.4229            0.0330
      31        0.4326            0.0308
      32        0.6531            0.0925
      33        0.3921            0.0168
      34        0.5065            0.0439
      35        1.5025            0.0519
      36        0.5395            0.0404
      37        0.6082            0.0372
      38        0.6038            0.0688
      39        1.1221            0.0255
      40        0.5055            0.0202
      41        0.8522            0.0620
      42        0.7188            0.0265
      43        0.9526            0.0598
      44        1.2907            0.1536
      45        2.0949            0.3078
      46        2.5883            0.3123
      47        3.0140            0.3322
      48        2.3176            0.2959
      49        1.8099            0.2711
      50        1.0438            0.0588
      51        2.2179            0.0893
      52        0.6799            0.0402
      53        0.9844            0.0368
      54        0.8929            0.0783
      55        1.0431            0.1061
      56        1.3039            0.1349
      57        1.5861            0.1732
      58        1.7254            0.1723
      59        1.9901            0.1896
      60        2.4696            0.1806
      61        4.1111            0.2014
      62        5.4884            0.6801
      63        7.0055            0.7386
      64        8.1168            0.7548
      65       10.0640            0.6839
      66       11.9680            0.7417
