#Res        AtomicFlx
  65.000       6.7658
  66.000       5.2730
  67.000       3.5857
  68.000       1.7162
  69.000       0.9056
  70.000       0.7350
  71.000       0.4938
  72.000       0.9095
  73.000       0.9897
  74.000       0.8279
  75.000       0.4708
  76.000       1.2053
  77.000       1.6521
  78.000       0.9972
  79.000       0.4766
  80.000       0.4436
  81.000       0.4524
  82.000       1.0227
  83.000       0.4554
  84.000       0.4174
  85.000       0.5055
  86.000       0.9985
  87.000       0.6143
  88.000       0.6175
  89.000       0.7830
  90.000       0.9376
  91.000       0.4347
  92.000       0.4858
  93.000       0.4380
  94.000       0.4191
  95.000       0.4263
  96.000       0.7222
  97.000       0.3907
  98.000       0.5808
  99.000       1.4939
 100.000       0.5645
 101.000       0.6349
 102.000       0.6574
 103.000       1.1162
 104.000       0.5127
 105.000       0.8778
 106.000       0.7476
 107.000       0.9969
 108.000       1.5695
 109.000       2.1256
 110.000       3.0122
 111.000       2.7128
 112.000       2.0089
 113.000       1.3800
 114.000       0.9352
 115.000       2.1656
 116.000       0.6535
 117.000       0.9919
 118.000       0.8855
 119.000       1.0648
 120.000       1.3755
 121.000       1.6342
 122.000       1.8143
 123.000       2.1588
 124.000       2.6861
 125.000       4.1965
 126.000       6.2710
 127.000       7.7998
 128.000       9.0400
 129.000      10.9546
 130.000      12.9959
