#Res        AtomicFlx
 131.000       8.4647
 132.000       6.1345
 133.000       3.6591
 134.000       1.8535
 135.000       0.8565
 136.000       0.6716
 137.000       0.4996
 138.000       0.9309
 139.000       0.9083
 140.000       0.5824
 141.000       0.4326
 142.000       1.1723
 143.000       1.5552
 144.000       0.9802
 145.000       0.4421
 146.000       0.4224
 147.000       0.4352
 148.000       1.0227
 149.000       0.4427
 150.000       0.3921
 151.000       0.4715
 152.000       0.9905
 153.000       0.5855
 154.000       0.5746
 155.000       0.6421
 156.000       0.5434
 157.000       0.3955
 158.000       0.4096
 159.000       0.3620
 160.000       0.3704
 161.000       0.4037
 162.000       0.5284
 163.000       0.3765
 164.000       0.4627
 165.000       1.4903
 166.000       0.4898
 167.000       0.5419
 168.000       0.5263
 169.000       1.0393
 170.000       0.4709
 171.000       0.7857
 172.000       0.6710
 173.000       0.8716
 174.000       1.2041
 175.000       1.7644
 176.000       2.3835
 177.000       2.9248
 178.000       2.1416
 179.000       1.6319
 180.000       0.9735
 181.000       2.2347
 182.000       0.6286
 183.000       0.9565
 184.000       0.8194
 185.000       1.0627
 186.000       1.3596
 187.000       1.7150
 188.000       1.7048
 189.000       2.0476
 190.000       2.5447
 191.000       3.7752
 192.000       5.3175
 193.000       6.8602
 194.000       7.8211
 195.000       9.4482
 196.000      11.2402
