#Frame   AVERAGE_00010 AVERAGE_00010[SD]
       1        8.0912            0.3133
       2        6.2067            0.0996
       3        4.0015            0.2118
       4        1.8726            0.0294
       5        0.9009            0.0339
       6        0.6717            0.0249
       7        0.4860            0.0150
       8        0.9340            0.0289
       9        0.9464            0.0307
      10        0.6464            0.0548
      11        0.4587            0.0240
      12        1.2010            0.0262
      13        1.6037            0.0383
      14        1.0484            0.0610
      15        0.4920            0.0388
      16        0.5001            0.1002
      17        0.4875            0.0687
      18        1.0344            0.0138
      19        0.4611            0.0163
      20        0.4137            0.0216
      21        0.4969            0.0221
      22        1.0294            0.0463
      23        0.6493            0.0610
      24        0.6254            0.0413
      25        0.7294            0.0696
      26        0.8356            0.2433
      27        0.5501            0.2372
      28        0.5119            0.1147
      29        0.4243            0.0601
      30        0.4173            0.0462
      31        0.4623            0.0801
      32        0.7085            0.1519
      33        0.4199            0.0262
      34        0.5277            0.0489
      35        1.4805            0.1057
      36        0.6574            0.1447
      37        0.8058            0.2513
      38        0.6500            0.0776
      39        1.0912            0.0319
      40        0.5172            0.0239
      41        0.8637            0.0482
      42        0.7238            0.0342
      43        0.9725            0.0861
      44        1.3028            0.1742
      45        1.9628            0.2255
      46        2.4883            0.2628
      47        2.9134            0.3578
      48        2.2007            0.1961
      49        1.8064            0.1928
      50        1.1301            0.2328
      51        2.2309            0.0860
      52        0.6679            0.0386
      53        1.0023            0.0294
      54        0.8760            0.0702
      55        1.0628            0.0870
      56        1.3866            0.1087
      57        1.6537            0.1382
      58        1.7768            0.1769
      59        2.1115            0.1941
      60        2.6221            0.2375
      61        4.0584            0.4872
      62        5.4356            0.2180
      63        6.8837            0.5220
      64        8.0661            0.6295
      65        9.9838            0.6253
      66       11.8941            0.7959
