#Res        AtomicFlx
  65.000       5.4816
  66.000       3.8552
  67.000       2.9435
  68.000       1.4192
  69.000       0.7984
  70.000       0.6668
  71.000       0.4721
  72.000       0.9352
  73.000       0.9004
  74.000       0.5645
  75.000       0.4378
  76.000       1.1856
  77.000       1.5728
  78.000       1.0049
  79.000       0.4901
  80.000       0.4657
  81.000       0.4602
  82.000       0.9936
  83.000       0.4557
  84.000       0.4181
  85.000       0.5147
  86.000       1.0037
  87.000       0.6780
  88.000       0.6442
  89.000       0.7376
  90.000       0.9962
  91.000       0.4560
  92.000       0.5473
  93.000       0.4671
  94.000       0.4344
  95.000       0.4295
  96.000       0.6173
  97.000       0.3843
  98.000       0.4710
  99.000       1.4692
 100.000       0.5075
 101.000       0.5767
 102.000       0.5950
 103.000       1.1215
 104.000       0.4700
 105.000       0.7287
 106.000       0.6772
 107.000       0.8972
 108.000       1.1791
 109.000       1.9617
 110.000       2.4484
 111.000       2.9431
 112.000       2.6292
 113.000       2.1482
 114.000       1.0496
 115.000       2.0661
 116.000       0.6702
 117.000       0.9298
 118.000       0.9471
 119.000       0.9836
 120.000       1.3361
 121.000       1.6444
 122.000       1.8379
 123.000       2.0929
 124.000       2.5493
 125.000       4.2937
 126.000       6.0887
 127.000       7.8731
 128.000       8.9010
 129.000      10.7476
 130.000      12.6501
