#Res        AtomicFlx
 131.000       7.9601
 132.000       6.1341
 133.000       3.9877
 134.000       1.8605
 135.000       0.9395
 136.000       0.6876
 137.000       0.4922
 138.000       0.8977
 139.000       0.9781
 140.000       0.6296
 141.000       0.4631
 142.000       1.1815
 143.000       1.5797
 144.000       1.0400
 145.000       0.5260
 146.000       0.6909
 147.000       0.6211
 148.000       1.0576
 149.000       0.4826
 150.000       0.4474
 151.000       0.5125
 152.000       0.9960
 153.000       0.6284
 154.000       0.6226
 155.000       0.8214
 156.000       1.0864
 157.000       1.0205
 158.000       0.7192
 159.000       0.5170
 160.000       0.4933
 161.000       0.6159
 162.000       0.9127
 163.000       0.4412
 164.000       0.5341
 165.000       1.3583
 166.000       0.5885
 167.000       0.6249
 168.000       0.6567
 169.000       1.1241
 170.000       0.5211
 171.000       0.9169
 172.000       0.7221
 173.000       0.9556
 174.000       1.1836
 175.000       1.7989
 176.000       2.2545
 177.000       2.4067
 178.000       1.9330
 179.000       1.5427
 180.000       0.9561
 181.000       2.0692
 182.000       0.6688
 183.000       0.9956
 184.000       0.9560
 185.000       1.1544
 186.000       1.5840
 187.000       1.8522
 188.000       2.1125
 189.000       2.4466
 190.000       2.5874
 191.000       3.7497
 192.000       5.5354
 193.000       7.3251
 194.000       8.6407
 195.000      10.3878
 196.000      12.1203
