#Frame   AVERAGE_00010 AVERAGE_00010[SD]
       1        8.0365            0.3210
       2        6.4197            0.3357
       3        4.6008            0.2760
       4        2.3837            0.1330
       5        1.0316            0.0850
       6        0.7415            0.0936
       7        0.5926            0.0422
       8        0.9563            0.0250
       9        1.0296            0.0631
      10        0.8287            0.0489
      11        0.5672            0.0539
      12        1.3192            0.0590
      13        1.6834            0.0753
      14        1.2565            0.1156
      15        0.6464            0.0658
      16        1.0123            0.0453
      17        0.8309            0.0367
      18        1.1237            0.0721
      19        0.5817            0.0399
      20        0.5261            0.0442
      21        0.7757            0.0879
      22        1.2087            0.1261
      23        0.9330            0.1224
      24        0.8324            0.1052
      25        0.9262            0.0866
      26        1.1534            0.0646
      27        1.0977            0.0394
      28        0.8938            0.0654
      29        0.6989            0.0721
      30        0.6474            0.0481
      31        0.9666            0.0385
      32        1.1666            0.0631
      33        0.6721            0.0768
      34        0.7724            0.0489
      35        1.7362            0.2899
      36        1.3136            0.3880
      37        1.3683            0.1588
      38        1.9898            0.1782
      39        1.3975            0.2404
      40        0.7622            0.0653
      41        1.2087            0.1173
      42        0.8971            0.1109
      43        1.2224            0.1421
      44        1.7570            0.3227
      45        2.5560            0.4159
      46        3.3704            0.6894
      47        3.8109            0.8795
      48        2.9466            0.6708
      49        2.3396            0.5296
      50        1.3910            0.2358
      51        2.5080            0.2930
      52        1.7015            0.6448
      53        2.9537            0.8078
      54        3.3408            1.3694
      55        3.7317            2.1457
      56        4.9242            2.0965
      57        5.6521            2.3740
      58        8.0684            3.4805
      59        8.3838            3.2544
      60        8.2696            2.5399
      61       10.3047            2.0387
      62       11.9749            1.8634
      63       13.7172            1.7214
      64       14.5555            1.9229
      65       16.1214            1.9959
      66       18.0203            2.0780
