#Res        AtomicFlx
   1.000       8.0195
   2.000       6.6973
   3.000       4.6467
   4.000       2.4612
   5.000       1.0787
   6.000       0.7136
   7.000       0.6011
   8.000       0.9817
   9.000       1.0635
  10.000       0.8515
  11.000       0.5763
  12.000       1.3338
  13.000       1.7018
  14.000       1.2699
  15.000       0.6400
  16.000       1.0718
  17.000       0.8106
  18.000       1.1117
  19.000       0.5828
  20.000       0.5014
  21.000       0.7217
  22.000       1.1524
  23.000       0.8448
  24.000       0.7843
  25.000       0.8871
  26.000       1.1534
  27.000       1.1190
  28.000       0.8801
  29.000       0.6905
  30.000       0.6351
  31.000       0.9941
  32.000       1.1758
  33.000       0.6476
  34.000       0.7826
  35.000       1.5933
  36.000       1.1061
  37.000       1.3081
  38.000       1.8533
  39.000       1.3684
  40.000       0.7511
  41.000       1.1714
  42.000       0.9205
  43.000       1.1820
  44.000       1.7134
  45.000       2.3837
  46.000       3.2092
  47.000       3.2523
  48.000       2.7506
  49.000       2.2476
  50.000       1.4664
  51.000       2.4528
  52.000       1.2718
  53.000       2.5385
  54.000       2.1950
  55.000       1.6460
  56.000       3.5503
  57.000       4.3528
  58.000       7.6142
  59.000       7.6303
  60.000       7.5846
  61.000       9.8549
  62.000      11.4996
  63.000      13.4301
  64.000      15.1501
  65.000      17.0534
  66.000      19.2680
