#Res        AtomicFlx
   1.000       7.8230
   2.000       5.9738
   3.000       4.3857
   4.000       2.3069
   5.000       0.9369
   6.000       0.7844
   7.000       0.5637
   8.000       0.9631
   9.000       0.9856
  10.000       0.8508
  11.000       0.5308
  12.000       1.2832
  13.000       1.6043
  14.000       1.2172
  15.000       0.6418
  16.000       0.9654
  17.000       0.8297
  18.000       1.1032
  19.000       0.5782
  20.000       0.5422
  21.000       0.8008
  22.000       1.2212
  23.000       0.9608
  24.000       0.8068
  25.000       0.9129
  26.000       1.1412
  27.000       1.0645
  28.000       0.8876
  29.000       0.6689
  30.000       0.6342
  31.000       0.9286
  32.000       1.1127
  33.000       0.6489
  34.000       0.7317
  35.000       1.4401
  36.000       1.0734
  37.000       1.2916
  38.000       2.1549
  39.000       1.5541
  40.000       0.7742
  41.000       1.1612
  42.000       0.8483
  43.000       1.1535
  44.000       1.5831
  45.000       2.4395
  46.000       3.3927
  47.000       4.9077
  48.000       3.7592
  49.000       2.9578
  50.000       1.5989
  51.000       2.7721
  52.000       2.7025
  53.000       3.7891
  54.000       4.7678
  55.000       6.4783
  56.000       6.8894
  57.000       7.3839
  58.000       9.5140
  59.000       9.6861
  60.000       9.3735
  61.000      11.1144
  62.000      12.7246
  63.000      14.2558
  64.000      15.0182
  65.000      16.6678
  66.000      18.4427
