#Res        AtomicFlx
   1.000       8.6594
   2.000       6.8291
   3.000       5.0010
   4.000       2.6093
   5.000       1.1224
   6.000       0.6916
   7.000       0.5848
   8.000       0.9449
   9.000       1.0585
  10.000       0.8846
  11.000       0.5763
  12.000       1.3451
  13.000       1.7907
  14.000       1.3234
  15.000       0.6397
  16.000       1.0280
  17.000       0.8316
  18.000       1.1461
  19.000       0.5855
  20.000       0.4892
  21.000       0.7301
  22.000       1.1484
  23.000       0.8601
  24.000       0.7869
  25.000       0.8805
  26.000       1.1217
  27.000       1.0896
  28.000       0.8543
  29.000       0.6500
  30.000       0.5954
  31.000       0.9620
  32.000       1.1072
  33.000       0.5723
  34.000       0.7117
  35.000       1.5001
  36.000       0.8495
  37.000       1.1468
  38.000       1.7433
  39.000       1.1522
  40.000       0.6950
  41.000       1.3874
  42.000       0.9525
  43.000       1.2136
  44.000       1.7487
  45.000       2.3813
  46.000       3.1146
  47.000       3.2035
  48.000       2.3587
  49.000       1.8216
  50.000       1.2244
  51.000       2.3585
  52.000       1.3415
  53.000       2.8806
  54.000       2.3510
  55.000       1.7157
  56.000       3.7231
  57.000       5.3759
  58.000       9.1594
  59.000       8.9543
  60.000       7.8470
  61.000       9.3202
  62.000      10.8709
  63.000      12.6375
  64.000      13.8457
  65.000      15.8386
  66.000      18.0669
