#Res        AtomicFlx
   1.000       7.8865
   2.000       6.0861
   3.000       4.2153
   4.000       2.2673
   5.000       1.0988
   6.000       0.8969
   7.000       0.6680
   8.000       0.9782
   9.000       1.1091
  10.000       0.8155
  11.000       0.6565
  12.000       1.4040
  13.000       1.7278
  14.000       1.4088
  15.000       0.7586
  16.000       1.0420
  17.000       0.8964
  18.000       1.2402
  19.000       0.6441
  20.000       0.6059
  21.000       0.9359
  22.000       1.4439
  23.000       1.1612
  24.000       1.0390
  25.000       1.0955
  26.000       1.2723
  27.000       1.1622
  28.000       1.0180
  29.000       0.8395
  30.000       0.7388
  31.000       1.0246
  32.000       1.2817
  33.000       0.8071
  34.000       0.8522
  35.000       2.1930
  36.000       1.8723
  37.000       1.5873
  38.000       2.2178
  39.000       1.7697
  40.000       0.8799
  41.000       1.2820
  42.000       1.0480
  43.000       1.4907
  44.000       2.3511
  45.000       3.3723
  46.000       4.6181
  47.000       4.8407
  48.000       3.7084
  49.000       2.9452
  50.000       1.6447
  51.000       2.8858
  52.000       2.2044
  53.000       3.8588
  54.000       5.2438
  55.000       6.1618
  56.000       7.9309
  57.000       8.9947
  58.000      12.2672
  59.000      12.8112
  60.000      12.1693
  61.000      13.6795
  62.000      15.1292
  63.000      16.6743
  64.000      17.3276
  65.000      18.5199
  66.000      20.1933
