#Res        AtomicFlx
   1.000       7.7941
   2.000       6.5123
   3.000       4.7551
   4.000       2.2738
   5.000       0.9211
   6.000       0.6208
   7.000       0.5452
   8.000       0.9136
   9.000       0.9314
  10.000       0.7412
  11.000       0.4962
  12.000       1.2297
  13.000       1.5924
  14.000       1.0631
  15.000       0.5519
  16.000       0.9542
  17.000       0.7860
  18.000       1.0172
  19.000       0.5180
  20.000       0.4918
  21.000       0.6901
  22.000       1.0775
  23.000       0.8383
  24.000       0.7452
  25.000       0.8550
  26.000       1.0786
  27.000       1.0532
  28.000       0.8292
  29.000       0.6455
  30.000       0.6333
  31.000       0.9238
  32.000       1.1554
  33.000       0.6844
  34.000       0.7837
  35.000       1.9547
  36.000       1.6665
  37.000       1.5079
  38.000       1.9796
  39.000       1.1430
  40.000       0.7107
  41.000       1.0417
  42.000       0.7162
  43.000       1.0724
  44.000       1.3887
  45.000       2.2031
  46.000       2.5174
  47.000       2.8501
  48.000       2.1560
  49.000       1.7259
  50.000       1.0208
  51.000       2.0706
  52.000       0.9875
  53.000       1.7015
  54.000       2.1464
  55.000       2.6566
  56.000       2.5274
  57.000       2.1532
  58.000       1.7872
  59.000       2.8373
  60.000       4.3734
  61.000       7.5543
  62.000       9.6500
  63.000      11.5881
  64.000      11.4358
  65.000      12.5272
  66.000      14.1305
