#Frame   AVERAGE_00010 AVERAGE_00010[SD]
       1        7.6415            0.3149
       2        5.9737            0.2852
       3        4.1210            0.2518
       4        1.8409            0.0812
       5        0.9675            0.0192
       6        0.7863            0.0211
       7        0.5125            0.0070
       8        0.9628            0.0263
       9        0.9986            0.0262
      10        0.7360            0.0910
      11        0.5656            0.0162
      12        1.3163            0.0115
      13        1.6246            0.0182
      14        1.3194            0.0524
      15        0.6993            0.0283
      16        1.0398            0.0341
      17        0.8076            0.0108
      18        1.1042            0.0251
      19        0.5547            0.0143
      20        0.5026            0.0120
      21        0.7252            0.0250
      22        1.1744            0.0457
      23        0.8170            0.0427
      24        0.7892            0.0360
      25        0.9339            0.0282
      26        1.1540            0.0342
      27        1.1377            0.0255
      28        0.8286            0.0208
      29        0.5991            0.0112
      30        0.5728            0.0125
      31        0.9136            0.0209
      32        1.0217            0.0187
      33        0.5214            0.0260
      34        0.6598            0.0227
      35        1.3440            0.0350
      36        0.8179            0.0533
      37        0.9581            0.1120
      38        1.1112            0.1701
      39        1.2796            0.0521
      40        0.5881            0.0260
      41        0.9582            0.0217
      42        0.7918            0.0129
      43        1.1200            0.0441
      44        1.5332            0.1446
      45        2.2511            0.2530
      46        2.8258            0.3070
      47        3.2836            0.5312
      48        2.4672            0.3032
      49        2.1349            0.2672
      50        1.2331            0.1015
      51        2.3415            0.0832
      52        0.8030            0.0470
      53        1.1289            0.0216
      54        1.0576            0.0556
      55        1.2293            0.0526
      56        2.2084            0.0704
      57        2.6762            0.1063
      58        3.6141            0.2662
      59        4.2887            0.2724
      60        4.5740            0.1529
      61        6.2500            0.2332
      62        7.8143            0.4237
      63        9.2910            0.7444
      64       10.0666            1.1131
      65       11.4281            1.6294
      66       13.2099            1.9463
