#Res        AtomicFlx
  67.000       7.1284
  68.000       5.5859
  69.000       3.9076
  70.000       1.7474
  71.000       0.9563
  72.000       0.7610
  73.000       0.5061
  74.000       0.9250
  75.000       0.9987
  76.000       0.6518
  77.000       0.5559
  78.000       1.3086
  79.000       1.6401
  80.000       1.3664
  81.000       0.6760
  82.000       1.0299
  83.000       0.8009
  84.000       1.0949
  85.000       0.5445
  86.000       0.4992
  87.000       0.7245
  88.000       1.1444
  89.000       0.8022
  90.000       0.7877
  91.000       0.9265
  92.000       1.1451
  93.000       1.1237
  94.000       0.8354
  95.000       0.5978
  96.000       0.5688
  97.000       0.9148
  98.000       1.0236
  99.000       0.5275
 100.000       0.6554
 101.000       1.3366
 102.000       0.8013
 103.000       0.9405
 104.000       1.1617
 105.000       1.3386
 106.000       0.6018
 107.000       0.9654
 108.000       0.7758
 109.000       1.0658
 110.000       1.4387
 111.000       2.2471
 112.000       2.7745
 113.000       2.9926
 114.000       2.4790
 115.000       2.0857
 116.000       1.2319
 117.000       2.1787
 118.000       0.7548
 119.000       1.1160
 120.000       1.0780
 121.000       1.3091
 122.000       2.2885
 123.000       2.8017
 124.000       3.6442
 125.000       4.3718
 126.000       4.6776
 127.000       6.2646
 128.000       8.2311
 129.000       9.8826
 130.000      11.2020
 131.000      13.2853
 132.000      15.5500
