#Res        AtomicFlx
   1.000       8.1366
   2.000       6.5312
   3.000       4.2002
   4.000       1.8989
   5.000       1.0045
   6.000       0.7792
   7.000       0.5172
   8.000       0.9503
   9.000       1.0024
  10.000       0.7366
  11.000       0.5760
  12.000       1.3322
  13.000       1.7085
  14.000       1.3857
  15.000       0.6978
  16.000       0.9632
  17.000       0.7850
  18.000       1.0922
  19.000       0.5595
  20.000       0.5024
  21.000       0.7207
  22.000       1.1604
  23.000       0.8158
  24.000       0.7812
  25.000       0.9164
  26.000       1.1105
  27.000       1.0761
  28.000       0.7914
  29.000       0.5850
  30.000       0.5437
  31.000       0.8529
  32.000       0.9962
  33.000       0.4667
  34.000       0.5819
  35.000       1.2532
  36.000       0.6735
  37.000       0.7045
  38.000       0.7317
  39.000       1.2113
  40.000       0.5582
  41.000       0.9846
  42.000       0.8443
  43.000       1.1176
  44.000       1.8282
  45.000       2.4956
  46.000       3.4212
  47.000       3.2675
  48.000       2.4843
  49.000       1.9904
  50.000       1.2132
  51.000       2.3388
  52.000       0.8104
  53.000       1.1304
  54.000       0.9704
  55.000       1.2145
  56.000       2.3161
  57.000       2.8521
  58.000       4.0094
  59.000       4.6885
  60.000       4.8431
  61.000       6.6244
  62.000       8.7253
  63.000      10.1552
  64.000      11.2794
  65.000      13.1552
  66.000      15.1836
