#Res        AtomicFlx
   1.000       7.8823
   2.000       6.5173
   3.000       4.2498
   4.000       1.7850
   5.000       1.0043
   6.000       0.7699
   7.000       0.5049
   8.000       0.9388
   9.000       1.0234
  10.000       0.7565
  11.000       0.5679
  12.000       1.3193
  13.000       1.6445
  14.000       1.4208
  15.000       0.7072
  16.000       1.0666
  17.000       0.8060
  18.000       1.1022
  19.000       0.5787
  20.000       0.5042
  21.000       0.7196
  22.000       1.1859
  23.000       0.8399
  24.000       0.8044
  25.000       0.9501
  26.000       1.1515
  27.000       1.1353
  28.000       0.8105
  29.000       0.5852
  30.000       0.5873
  31.000       0.8910
  32.000       0.9941
  33.000       0.4743
  34.000       0.6116
  35.000       1.3014
  36.000       0.7117
  37.000       0.7446
  38.000       0.7391
  39.000       1.2015
  40.000       0.5483
  41.000       0.9372
  42.000       0.8307
  43.000       1.1315
  44.000       1.5915
  45.000       2.3250
  46.000       3.0022
  47.000       3.5159
  48.000       2.6950
  49.000       2.3420
  50.000       1.2478
  51.000       2.2781
  52.000       0.8296
  53.000       1.1152
  54.000       0.9893
  55.000       1.1620
  56.000       2.2198
  57.000       2.6407
  58.000       3.7798
  59.000       4.4459
  60.000       4.6190
  61.000       6.2333
  62.000       8.1348
  63.000       9.9679
  64.000      11.2974
  65.000      13.3540
  66.000      15.6243
