#Frame   AVERAGE_00010 AVERAGE_00010[SD]
       1        7.6570            0.3506
       2        6.0607            0.4678
       3        4.0525            0.2326
       4        1.8109            0.0488
       5        0.9631            0.0348
       6        0.7573            0.0168
       7        0.5028            0.0079
       8        0.9609            0.0304
       9        0.9927            0.0191
      10        0.6979            0.0411
      11        0.5533            0.0157
      12        1.3042            0.0186
      13        1.6127            0.0631
      14        1.3148            0.0800
      15        0.6818            0.0192
      16        1.0060            0.0462
      17        0.7883            0.0146
      18        1.0838            0.0205
      19        0.5535            0.0148
      20        0.4952            0.0117
      21        0.7118            0.0285
      22        1.1581            0.0306
      23        0.8099            0.0533
      24        0.7813            0.0517
      25        0.9208            0.0395
      26        1.1225            0.0348
      27        1.1006            0.0250
      28        0.7985            0.0154
      29        0.5853            0.0025
      30        0.5726            0.0156
      31        0.8751            0.0172
      32        0.9910            0.0119
      33        0.4817            0.0341
      34        0.6173            0.0508
      35        1.2943            0.0660
      36        0.7410            0.1126
      37        0.8136            0.1828
      38        0.8297            0.1478
      39        1.2079            0.0478
      40        0.5471            0.0111
      41        0.9276            0.0326
      42        0.7919            0.0449
      43        1.0832            0.0517
      44        1.5505            0.1580
      45        2.2415            0.1858
      46        2.9222            0.2974
      47        3.1791            0.3006
      48        2.5280            0.2886
      49        2.1901            0.2925
      50        1.1973            0.0506
      51        2.2725            0.0832
      52        0.8020            0.0305
      53        1.1081            0.0201
      54        0.9846            0.0417
      55        1.1795            0.0518
      56        2.2079            0.1051
      57        2.6827            0.1563
      58        3.6513            0.3407
      59        4.3220            0.3281
      60        4.5543            0.2110
      61        6.2507            0.2417
      62        8.1409            0.3270
      63        9.7159            0.3539
      64       10.7842            0.5523
      65       12.7017            0.6803
      66       14.7670            0.8474
