#Res        AtomicFlx
  67.000       7.4334
  68.000       5.7101
  69.000       3.9350
  70.000       1.7700
  71.000       0.9414
  72.000       0.7955
  73.000       0.5074
  74.000       0.9428
  75.000       0.9859
  76.000       0.8894
  77.000       0.5733
  78.000       1.3246
  79.000       1.6190
  80.000       1.3470
  81.000       0.7176
  82.000       1.0604
  83.000       0.8170
  84.000       1.1376
  85.000       0.5671
  86.000       0.5102
  87.000       0.7488
  88.000       1.2103
  89.000       0.8653
  90.000       0.8026
  91.000       0.9511
  92.000       1.1704
  93.000       1.1433
  94.000       0.8167
  95.000       0.5911
  96.000       0.5612
  97.000       0.9108
  98.000       1.0032
  99.000       0.4716
 100.000       0.6180
 101.000       1.2785
 102.000       0.7213
 103.000       0.7524
 104.000       0.8679
 105.000       1.2172
 106.000       0.5620
 107.000       0.9192
 108.000       0.7808
 109.000       1.1754
 110.000       1.6862
 111.000       2.6458
 112.000       3.2286
 113.000       4.0064
 114.000       2.6682
 115.000       2.3576
 116.000       1.3753
 117.000       2.4082
 118.000       0.8618
 119.000       1.1274
 120.000       1.0290
 121.000       1.1799
 122.000       2.2542
 123.000       2.6789
 124.000       3.7617
 125.000       4.3720
 126.000       4.6015
 127.000       6.3027
 128.000       8.2422
 129.000      10.2319
 130.000      11.0271
 131.000      12.9340
 132.000      14.7996
