#Res        AtomicFlx
  67.000       7.9506
  68.000       6.3328
  69.000       4.6038
  70.000       1.9782
  71.000       0.9735
  72.000       0.7611
  73.000       0.5157
  74.000       0.9965
  75.000       0.9610
  76.000       0.6778
  77.000       0.5390
  78.000       1.2974
  79.000       1.6505
  80.000       1.3090
  81.000       0.6577
  82.000       0.9810
  83.000       0.7914
  84.000       1.0623
  85.000       0.5321
  86.000       0.4815
  87.000       0.6788
  88.000       1.1008
  89.000       0.7465
  90.000       0.7281
  91.000       0.8867
  92.000       1.0925
  93.000       1.0961
  94.000       0.8000
  95.000       0.5874
  96.000       0.5655
  97.000       0.8782
  98.000       0.9984
  99.000       0.5236
 100.000       0.6676
 101.000       1.3672
 102.000       0.8642
 103.000       1.0749
 104.000       0.9663
 105.000       1.2163
 106.000       0.5520
 107.000       0.9554
 108.000       0.7988
 109.000       1.0726
 110.000       1.2988
 111.000       1.8471
 112.000       2.2922
 113.000       2.4839
 114.000       1.8982
 115.000       1.6695
 116.000       1.0585
 117.000       2.3560
 118.000       0.7416
 119.000       1.0983
 120.000       0.9652
 121.000       1.1632
 122.000       2.1457
 123.000       2.6662
 124.000       3.6283
 125.000       4.3322
 126.000       4.5285
 127.000       6.2297
 128.000       7.9540
 129.000       9.3025
 130.000      10.2057
 131.000      11.4512
 132.000      13.3403
