#Res        AtomicFlx
   1.000       7.7504
   2.000       6.2482
   3.000       4.2689
   4.000       1.8243
   5.000       0.9483
   6.000       0.7615
   7.000       0.4955
   8.000       0.9473
   9.000       0.9754
  10.000       0.6805
  11.000       0.5461
  12.000       1.2951
  13.000       1.5592
  14.000       1.1967
  15.000       0.6766
  16.000       1.0355
  17.000       0.8038
  18.000       1.0956
  19.000       0.5508
  20.000       0.5007
  21.000       0.7104
  22.000       1.1492
  23.000       0.8116
  24.000       0.7741
  25.000       0.9255
  26.000       1.1399
  27.000       1.1208
  28.000       0.7979
  29.000       0.5834
  30.000       0.5727
  31.000       0.8892
  32.000       0.9917
  33.000       0.4612
  34.000       0.5938
  35.000       1.2606
  36.000       0.6786
  37.000       0.7067
  38.000       0.7538
  39.000       1.1605
  40.000       0.5427
  41.000       0.9064
  42.000       0.7594
  43.000       1.0443
  44.000       1.4655
  45.000       2.1517
  46.000       2.7371
  47.000       3.1643
  48.000       2.4876
  49.000       2.2023
  50.000       1.1794
  51.000       2.3570
  52.000       0.7965
  53.000       1.0944
  54.000       0.9733
  55.000       1.1388
  56.000       2.1990
  57.000       2.6776
  58.000       3.6646
  59.000       4.2759
  60.000       4.5151
  61.000       6.2653
  62.000       8.1691
  63.000       9.8055
  64.000      10.9707
  65.000      12.9247
  66.000      14.9936
