#Res        AtomicFlx
   1.000       7.2011
   2.000       5.5667
   3.000       3.7209
   4.000       1.7581
   5.000       0.9375
   6.000       0.7403
   7.000       0.4968
   8.000       0.9469
   9.000       0.9919
  10.000       0.6605
  11.000       0.5373
  12.000       1.2930
  13.000       1.6211
  14.000       1.2922
  15.000       0.6748
  16.000       0.9424
  17.000       0.7678
  18.000       1.0444
  19.000       0.5417
  20.000       0.4965
  21.000       0.7477
  22.000       1.1900
  23.000       0.8704
  24.000       0.8530
  25.000       0.9629
  26.000       1.1509
  27.000       1.0704
  28.000       0.8185
  29.000       0.5899
  30.000       0.5740
  31.000       0.8554
  32.000       0.9686
  33.000       0.4574
  34.000       0.5828
  35.000       1.2371
  36.000       0.6767
  37.000       0.7344
  38.000       0.8028
  39.000       1.2957
  40.000       0.5283
  41.000       0.9204
  42.000       0.8015
  43.000       1.1222
  44.000       1.5091
  45.000       2.2943
  46.000       2.9189
  47.000       3.3247
  48.000       2.9233
  49.000       2.6344
  50.000       1.2381
  51.000       2.2678
  52.000       0.8276
  53.000       1.1244
  54.000       1.0587
  55.000       1.2616
  56.000       2.2885
  57.000       2.8265
  58.000       3.7955
  59.000       4.4791
  60.000       4.6021
  61.000       6.2690
  62.000       7.7722
  63.000       9.1570
  64.000       9.8209
  65.000      11.4247
  66.000      13.1493
