#Res        AtomicFlx
  67.000       7.7811
  68.000       6.0327
  69.000       4.0663
  70.000       1.8523
  71.000       0.9673
  72.000       0.8065
  73.000       0.5086
  74.000       0.9646
  75.000       1.0064
  76.000       0.6699
  77.000       0.5838
  78.000       1.3250
  79.000       1.6008
  80.000       1.2218
  81.000       0.7353
  82.000       1.0823
  83.000       0.8212
  84.000       1.1164
  85.000       0.5700
  86.000       0.5165
  87.000       0.7455
  88.000       1.2250
  89.000       0.8570
  90.000       0.8398
  91.000       0.9711
  92.000       1.1922
  93.000       1.1674
  94.000       0.8626
  95.000       0.6197
  96.000       0.5967
  97.000       0.9431
  98.000       1.0475
  99.000       0.5429
 100.000       0.6784
 101.000       1.3679
 102.000       0.8409
 103.000       0.9908
 104.000       1.2308
 105.000       1.3119
 106.000       0.6160
 107.000       0.9657
 108.000       0.7914
 109.000       1.1288
 110.000       1.5904
 111.000       2.2806
 112.000       2.8666
 113.000       3.6872
 114.000       2.7717
 115.000       2.4319
 116.000       1.2597
 117.000       2.3757
 118.000       0.8381
 119.000       1.1615
 120.000       1.1261
 121.000       1.2452
 122.000       2.1050
 123.000       2.4873
 124.000       3.1226
 125.000       3.7756
 126.000       4.3080
 127.000       5.8609
 128.000       7.1859
 129.000       8.1046
 130.000       8.0929
 131.000       8.7802
 132.000      10.0229
