#Res        AtomicFlx
   1.000       7.3146
   2.000       5.4401
   3.000       3.8225
   4.000       1.7881
   5.000       0.9211
   6.000       0.7356
   7.000       0.4996
   8.000       1.0212
   9.000       0.9705
  10.000       0.6553
  11.000       0.5394
  12.000       1.2815
  13.000       1.5302
  14.000       1.2787
  15.000       0.6524
  16.000       1.0221
  17.000       0.7790
  18.000       1.0846
  19.000       0.5367
  20.000       0.4724
  21.000       0.6604
  22.000       1.1051
  23.000       0.7119
  24.000       0.6940
  25.000       0.8492
  26.000       1.0596
  27.000       1.1003
  28.000       0.7742
  29.000       0.5828
  30.000       0.5855
  31.000       0.8870
  32.000       1.0042
  33.000       0.5490
  34.000       0.7166
  35.000       1.4194
  36.000       0.9645
  37.000       1.1778
  38.000       1.1211
  39.000       1.1705
  40.000       0.5578
  41.000       0.8894
  42.000       0.7236
  43.000       1.0005
  44.000       1.3580
  45.000       1.9411
  46.000       2.5316
  47.000       2.6231
  48.000       2.0498
  49.000       1.7812
  50.000       1.1078
  51.000       2.1209
  52.000       0.7461
  53.000       1.0762
  54.000       0.9313
  55.000       1.1205
  56.000       2.0160
  57.000       2.4164
  58.000       3.0073
  59.000       3.7206
  60.000       4.1921
  61.000       5.8613
  62.000       7.9033
  63.000       9.4938
  64.000      10.5526
  65.000      12.6501
  66.000      14.8843
