#Res        AtomicFlx
  67.000       7.9140
  68.000       6.2069
  69.000       4.0924
  70.000       1.8564
  71.000       0.9991
  72.000       0.8075
  73.000       0.5248
  74.000       0.9852
  75.000       1.0410
  76.000       0.7910
  77.000       0.5762
  78.000       1.3261
  79.000       1.6128
  80.000       1.3529
  81.000       0.7099
  82.000       1.0456
  83.000       0.8077
  84.000       1.1099
  85.000       0.5597
  86.000       0.5058
  87.000       0.7285
  88.000       1.1914
  89.000       0.8138
  90.000       0.7879
  91.000       0.9340
  92.000       1.1696
  93.000       1.1580
  94.000       0.8285
  95.000       0.5995
  96.000       0.5718
  97.000       0.9210
  98.000       1.0357
  99.000       0.5413
 100.000       0.6796
 101.000       1.3697
 102.000       0.8616
 103.000       1.0317
 104.000       1.3295
 105.000       1.3138
 106.000       0.6086
 107.000       0.9851
 108.000       0.8121
 109.000       1.1575
 110.000       1.6517
 111.000       2.2347
 112.000       2.9673
 113.000       3.2478
 114.000       2.5187
 115.000       2.1297
 116.000       1.2400
 117.000       2.3889
 118.000       0.8186
 119.000       1.1415
 120.000       1.0895
 121.000       1.2491
 122.000       2.2486
 123.000       2.7469
 124.000       3.9139
 125.000       4.5918
 126.000       4.7544
 127.000       6.5922
 128.000       7.4585
 129.000       8.9335
 130.000       9.8052
 131.000      10.6897
 132.000      12.3368
