#Frame   AVERAGE_00010 AVERAGE_00010[SD]
       1        7.4451            1.2748
       2        5.7578            1.0202
       3        3.8107            0.6537
       4        1.7746            0.1650
       5        0.8786            0.0340
       6        0.7212            0.0138
       7        0.4663            0.0058
       8        0.8643            0.0149
       9        0.9727            0.0143
      10        0.6689            0.0531
      11        0.4514            0.0165
      12        1.2399            0.0264
      13        1.5698            0.0379
      14        1.4103            0.1331
      15        0.5187            0.0231
      16        0.5306            0.0337
      17        0.5020            0.0289
      18        0.9903            0.0315
      19        0.4678            0.0133
      20        0.4078            0.0076
      21        0.5775            0.0144
      22        1.0243            0.0287
      23        0.6442            0.0401
      24        0.6303            0.0335
      25        0.7205            0.0220
      26        0.9088            0.0975
      27        0.5190            0.0349
      28        0.5657            0.0430
      29        0.4575            0.0285
      30        0.4548            0.0251
      31        0.4875            0.0202
      32        0.7162            0.0855
      33        0.4024            0.0134
      34        0.5374            0.0595
      35        1.4020            0.0882
      36        0.6176            0.0496
      37        0.6783            0.0677
      38        0.7815            0.1872
      39        1.0755            0.0153
      40        0.5017            0.0160
      41        0.8646            0.0238
      42        0.7107            0.0300
      43        0.9992            0.0726
      44        1.3704            0.1278
      45        2.0442            0.1045
      46        2.6509            0.1406
      47        3.0870            0.2855
      48        2.3336            0.1435
      49        1.9646            0.1343
      50        1.1380            0.1397
      51        2.2811            0.0885
      52        0.6977            0.0493
      53        1.0013            0.0469
      54        0.8859            0.0462
      55        1.0574            0.0645
      56        1.4330            0.0960
      57        1.6648            0.1302
      58        1.7919            0.1108
      59        2.2028            0.1680
      60        2.5878            0.2200
      61        4.1184            0.5555
      62        5.6074            0.3025
      63        7.2929            0.4056
      64        8.0876            0.3278
      65        9.8318            0.4193
      66       11.7060            0.4085
