#Res        AtomicFlx
  65.000       8.0660
  66.000       6.3719
  67.000       4.3193
  68.000       1.8099
  69.000       0.9032
  70.000       0.7377
  71.000       0.4641
  72.000       0.8607
  73.000       0.9865
  74.000       0.7118
  75.000       0.4807
  76.000       1.2874
  77.000       1.6237
  78.000       1.5122
  79.000       0.5523
  80.000       0.5440
  81.000       0.5154
  82.000       1.0059
  83.000       0.4900
  84.000       0.4153
  85.000       0.5855
  86.000       1.0700
  87.000       0.7098
  88.000       0.6846
  89.000       0.7396
  90.000       0.9630
  91.000       0.5533
  92.000       0.6236
  93.000       0.4858
  94.000       0.4690
  95.000       0.5154
  96.000       0.8012
  97.000       0.4130
  98.000       0.5212
  99.000       1.4905
 100.000       0.6439
 101.000       0.6853
 102.000       0.6117
 103.000       1.0685
 104.000       0.5136
 105.000       0.8786
 106.000       0.7503
 107.000       1.0644
 108.000       1.6185
 109.000       2.1811
 110.000       2.7985
 111.000       3.0963
 112.000       2.4648
 113.000       2.0800
 114.000       1.4115
 115.000       2.4139
 116.000       0.7162
 117.000       1.0082
 118.000       0.8290
 119.000       1.0780
 120.000       1.4518
 121.000       1.8216
 122.000       1.8960
 123.000       2.3506
 124.000       2.7310
 125.000       4.0707
 126.000       5.7793
 127.000       7.7217
 128.000       8.2299
 129.000      10.0247
 130.000      11.8050
