#Res        AtomicFlx
 131.000       6.3927
 132.000       5.0401
 133.000       3.3511
 134.000       1.5845
 135.000       0.8579
 136.000       0.6956
 137.000       0.4707
 138.000       0.9190
 139.000       0.9421
 140.000       0.8241
 141.000       0.4537
 142.000       1.2370
 143.000       1.5997
 144.000       1.4434
 145.000       0.5333
 146.000       0.5324
 147.000       0.5273
 148.000       1.0374
 149.000       0.4774
 150.000       0.4111
 151.000       0.6061
 152.000       1.0423
 153.000       0.6530
 154.000       0.6205
 155.000       0.7071
 156.000       0.9327
 157.000       0.4843
 158.000       0.5490
 159.000       0.4679
 160.000       0.4547
 161.000       0.5181
 162.000       0.6644
 163.000       0.3950
 164.000       0.4990
 165.000       1.3121
 166.000       0.5679
 167.000       0.5804
 168.000       0.6090
 169.000       1.0783
 170.000       0.5078
 171.000       0.7794
 172.000       0.7011
 173.000       1.0564
 174.000       1.4350
 175.000       2.4267
 176.000       2.5687
 177.000       3.1958
 178.000       2.3718
 179.000       1.8936
 180.000       1.0330
 181.000       2.2243
 182.000       0.6599
 183.000       0.9630
 184.000       0.9268
 185.000       1.0191
 186.000       1.2948
 187.000       1.6356
 188.000       1.7077
 189.000       2.2482
 190.000       2.9801
 191.000       4.7231
 192.000       5.5230
 193.000       6.7827
 194.000       8.0212
 195.000       9.7730
 196.000      11.7730
