#Res        AtomicFlx
  65.000       8.0610
  66.000       6.2573
  67.000       4.3489
  68.000       1.9256
  69.000       0.9144
  70.000       0.7343
  71.000       0.4732
  72.000       0.8617
  73.000       0.9743
  74.000       0.7484
  75.000       0.4415
  76.000       1.2375
  77.000       1.5485
  78.000       1.5377
  79.000       0.4805
  80.000       0.5031
  81.000       0.4693
  82.000       0.9485
  83.000       0.4494
  84.000       0.4009
  85.000       0.5526
  86.000       0.9875
  87.000       0.6335
  88.000       0.6137
  89.000       0.7178
  90.000       0.9492
  91.000       0.4929
  92.000       0.5806
  93.000       0.4622
  94.000       0.4665
  95.000       0.4871
  96.000       0.7023
  97.000       0.3923
  98.000       0.5017
  99.000       1.3237
 100.000       0.5915
 101.000       0.6430
 102.000       0.6735
 103.000       1.0910
 104.000       0.5073
 105.000       0.8943
 106.000       0.7220
 107.000       1.0275
 108.000       1.3013
 109.000       1.8921
 110.000       2.4377
 111.000       2.6909
 112.000       2.1534
 113.000       1.8148
 114.000       1.0621
 115.000       2.2941
 116.000       0.7364
 117.000       1.0301
 118.000       0.9190
 119.000       1.0800
 120.000       1.5525
 121.000       1.7832
 122.000       1.9065
 123.000       2.3199
 124.000       2.7962
 125.000       4.3504
 126.000       5.9973
 127.000       7.6004
 128.000       8.5589
 129.000      10.4330
 130.000      12.2954
