#Res        AtomicFlx
 131.000       7.6581
 132.000       5.9997
 133.000       3.8677
 134.000       1.6932
 135.000       0.8412
 136.000       0.6603
 137.000       0.4508
 138.000       0.8777
 139.000       0.9520
 140.000       0.8372
 141.000       0.4621
 142.000       1.2646
 143.000       1.6395
 144.000       1.5397
 145.000       0.5349
 146.000       0.5715
 147.000       0.5016
 148.000       0.9893
 149.000       0.4706
 150.000       0.4074
 151.000       0.5713
 152.000       1.0443
 153.000       0.6540
 154.000       0.6553
 155.000       0.7373
 156.000       0.9281
 157.000       0.5505
 158.000       0.6028
 159.000       0.4594
 160.000       0.4500
 161.000       0.4826
 162.000       0.6360
 163.000       0.4267
 164.000       0.5165
 165.000       1.4774
 166.000       0.6909
 167.000       1.0588
 168.000       0.6515
 169.000       1.0308
 170.000       0.4871
 171.000       0.7250
 172.000       0.7194
 173.000       1.0643
 174.000       1.2743
 175.000       1.8778
 176.000       2.3485
 177.000       2.6740
 178.000       2.0615
 179.000       1.7435
 180.000       1.0555
 181.000       2.3603
 182.000       0.6751
 183.000       0.9635
 184.000       0.8466
 185.000       1.0703
 186.000       1.3830
 187.000       1.6387
 188.000       1.7986
 189.000       2.0328
 190.000       2.8141
 191.000       4.1794
 192.000       5.1331
 193.000       7.1071
 194.000       7.8981
 195.000       9.4312
 196.000      11.1541
