#Res        AtomicFlx
  65.000       4.8997
  66.000       3.7213
  67.000       2.6081
  68.000       1.4538
  69.000       0.8172
  70.000       0.7044
  71.000       0.4581
  72.000       0.8419
  73.000       0.9606
  74.000       0.6044
  75.000       0.4526
  76.000       1.2143
  77.000       1.6033
  78.000       1.3682
  79.000       0.5231
  80.000       0.5872
  81.000       0.5508
  82.000       1.0416
  83.000       0.4615
  84.000       0.4115
  85.000       0.5911
  86.000       1.0008
  87.000       0.5847
  88.000       0.5838
  89.000       0.7357
  90.000       0.9626
  91.000       0.5548
  92.000       0.5559
  93.000       0.4715
  94.000       0.4700
  95.000       0.4524
  96.000       0.7861
  97.000       0.4029
  98.000       0.6470
  99.000       1.5139
 100.000       0.5876
 101.000       0.6295
 102.000       0.8093
 103.000       1.0862
 104.000       0.4881
 105.000       0.8509
 106.000       0.6817
 107.000       0.8662
 108.000       1.2563
 109.000       1.9590
 110.000       2.7745
 111.000       3.5317
 112.000       2.4600
 113.000       1.8396
 114.000       1.0329
 115.000       2.1354
 116.000       0.6047
 117.000       0.9191
 118.000       0.8603
 119.000       0.9584
 120.000       1.2888
 121.000       1.5063
 122.000       1.7100
 123.000       2.2548
 124.000       2.1687
 125.000       3.1461
 126.000       5.0885
 127.000       6.5566
 128.000       7.5878
 129.000       9.3467
 130.000      11.3663
