#Frame   AVERAGE_00010 AVERAGE_00010[SD]
       1        7.4792            0.6344
       2        5.8546            0.4439
       3        3.9706            0.3479
       4        1.7525            0.1001
       5        0.8926            0.0520
       6        0.7119            0.0306
       7        0.4744            0.0178
       8        0.9299            0.0916
       9        0.9749            0.0404
      10        0.8172            0.0213
      11        0.4804            0.0356
      12        1.2652            0.0380
      13        1.6457            0.0456
      14        1.5303            0.0652
      15        0.5500            0.0267
      16        0.6239            0.1086
      17        0.5503            0.0659
      18        1.0426            0.0634
      19        0.4941            0.0384
      20        0.4346            0.0377
      21        0.6188            0.0429
      22        1.0542            0.0267
      23        0.6969            0.0497
      24        0.6533            0.0231
      25        0.7576            0.0440
      26        0.9797            0.0405
      27        0.6720            0.2556
      28        0.6185            0.0388
      29        0.4896            0.0224
      30        0.4983            0.0517
      31        0.5687            0.1120
      32        0.7252            0.0831
      33        0.4468            0.0762
      34        0.5714            0.1002
      35        1.5078            0.1241
      36        0.7072            0.1634
      37        0.8028            0.2222
      38        0.7964            0.1696
      39        1.0899            0.0328
      40        0.5154            0.0168
      41        0.8386            0.0756
      42        0.7583            0.0610
      43        1.0734            0.0119
      44        1.4885            0.1661
      45        2.1602            0.1830
      46        2.7157            0.2796
      47        3.0302            0.2149
      48        2.3465            0.1480
      49        1.9088            0.1124
      50        1.0976            0.0485
      51        2.2599            0.1044
      52        0.7273            0.0491
      53        0.9974            0.0298
      54        0.9456            0.0972
      55        1.0499            0.0623
      56        1.4151            0.1169
      57        1.6488            0.1166
      58        1.7978            0.0833
      59        2.0668            0.1426
      60        2.7101            0.2756
      61        4.0897            0.4383
      62        5.3471            0.5266
      63        6.8180            0.2948
      64        7.9594            0.4544
      65        9.6053            0.5675
      66       11.4763            0.6126
