#Res        AtomicFlx
  65.000       8.2126
  66.000       6.2654
  67.000       3.6341
  68.000       1.8349
  69.000       0.8709
  70.000       0.7233
  71.000       0.4728
  72.000       0.8882
  73.000       0.9896
  74.000       0.6459
  75.000       0.4511
  76.000       1.2435
  77.000       1.5529
  78.000       1.4627
  79.000       0.5237
  80.000       0.5270
  81.000       0.4947
  82.000       0.9820
  83.000       0.4712
  84.000       0.4145
  85.000       0.5881
  86.000       1.0328
  87.000       0.6519
  88.000       0.6445
  89.000       0.7302
  90.000       0.9552
  91.000       0.5287
  92.000       0.5764
  93.000       0.4650
  94.000       0.4636
  95.000       0.4895
  96.000       0.7302
  97.000       0.4204
  98.000       0.5438
  99.000       1.3907
 100.000       0.7018
 101.000       0.8071
 102.000       1.1330
 103.000       1.0831
 104.000       0.5210
 105.000       0.8260
 106.000       0.6704
 107.000       0.9811
 108.000       1.3271
 109.000       2.0798
 110.000       2.5365
 111.000       2.8980
 112.000       2.1641
 113.000       1.9301
 114.000       1.0627
 115.000       2.2877
 116.000       0.7380
 117.000       1.0584
 118.000       0.9579
 119.000       1.1506
 120.000       1.5088
 121.000       1.6908
 122.000       1.8269
 123.000       2.2067
 124.000       2.6279
 125.000       4.8522
 126.000       5.6396
 127.000       7.3230
 128.000       7.8921
 129.000       9.3632
 130.000      11.1437
