#Res        AtomicFlx
 131.000       7.9191
 132.000       6.0790
 133.000       4.1444
 134.000       1.8550
 135.000       0.8963
 136.000       0.7465
 137.000       0.4715
 138.000       0.8678
 139.000       0.9772
 140.000       0.7920
 141.000       0.4644
 142.000       1.2367
 143.000       1.5960
 144.000       1.5363
 145.000       0.5304
 146.000       0.5847
 147.000       0.5062
 148.000       1.0059
 149.000       0.4724
 150.000       0.4165
 151.000       0.5986
 152.000       1.0352
 153.000       0.6957
 154.000       0.6421
 155.000       0.7533
 156.000       1.0082
 157.000       0.5363
 158.000       0.6408
 159.000       0.5167
 160.000       0.4933
 161.000       0.5189
 162.000       0.7377
 163.000       0.4085
 164.000       0.5414
 165.000       1.5191
 166.000       0.6255
 167.000       0.6434
 168.000       0.9629
 169.000       1.1140
 170.000       0.5195
 171.000       0.8713
 172.000       0.7333
 173.000       1.0906
 174.000       1.3752
 175.000       2.0818
 176.000       2.6714
 177.000       2.9631
 178.000       2.3776
 179.000       1.9472
 180.000       1.1018
 181.000       2.2859
 182.000       0.7699
 183.000       1.0013
 184.000       1.0317
 185.000       1.1071
 186.000       1.4863
 187.000       1.7162
 188.000       1.7979
 189.000       1.9979
 190.000       2.6068
 191.000       3.9187
 192.000       6.0093
 193.000       6.9381
 194.000       8.7476
 195.000      10.5857
 196.000      12.5282
