#Res        AtomicFlx
  65.000       7.9861
  66.000       6.1732
  67.000       4.1432
  68.000       1.8486
  69.000       0.8871
  70.000       0.7063
  71.000       0.4635
  72.000       0.8692
  73.000       0.9527
  74.000       0.6339
  75.000       0.4313
  76.000       1.2166
  77.000       1.5207
  78.000       1.1707
  79.000       0.5138
  80.000       0.4916
  81.000       0.4796
  82.000       0.9734
  83.000       0.4667
  84.000       0.3966
  85.000       0.5702
  86.000       1.0305
  87.000       0.6409
  88.000       0.6248
  89.000       0.6790
  90.000       0.7142
  91.000       0.4654
  92.000       0.4919
  93.000       0.4028
  94.000       0.4047
  95.000       0.4929
  96.000       0.5610
  97.000       0.3835
  98.000       0.4734
  99.000       1.2912
 100.000       0.5634
 101.000       0.6265
 102.000       0.6799
 103.000       1.0489
 104.000       0.4784
 105.000       0.8734
 106.000       0.7290
 107.000       1.0568
 108.000       1.3489
 109.000       2.1089
 110.000       2.7075
 111.000       3.2179
 112.000       2.4259
 113.000       2.1584
 114.000       1.1208
 115.000       2.2743
 116.000       0.6930
 117.000       0.9906
 118.000       0.8633
 119.000       1.0200
 120.000       1.3630
 121.000       1.5220
 122.000       1.6201
 123.000       1.8821
 124.000       2.6152
 125.000       4.1726
 126.000       5.5322
 127.000       7.2626
 128.000       8.1695
 129.000       9.9915
 130.000      11.9195
