#Res        AtomicFlx
 131.000       7.2147
 132.000       5.8020
 133.000       4.1222
 134.000       1.8207
 135.000       0.9897
 136.000       0.7296
 137.000       0.5060
 138.000       1.1097
 139.000       1.0523
 140.000       0.8408
 141.000       0.5508
 142.000       1.3385
 143.000       1.7139
 144.000       1.4917
 145.000       0.6017
 146.000       0.8371
 147.000       0.6796
 148.000       1.1656
 149.000       0.5707
 150.000       0.5084
 151.000       0.6987
 152.000       1.1073
 153.000       0.7895
 154.000       0.6914
 155.000       0.8391
 156.000       1.0186
 157.000       1.1767
 158.000       0.6499
 159.000       0.4962
 160.000       0.5938
 161.000       0.7901
 162.000       0.7123
 163.000       0.5977
 164.000       0.7698
 165.000       1.7006
 166.000       1.0246
 167.000       1.0878
 168.000       0.7274
 169.000       1.1204
 170.000       0.5274
 171.000       0.9341
 172.000       0.8730
 173.000       1.0780
 174.000       1.7225
 175.000       2.2625
 176.000       3.1907
 177.000       3.0198
 178.000       2.4770
 179.000       1.8703
 180.000       1.1327
 181.000       2.0761
 182.000       0.7673
 183.000       1.0247
 184.000       0.8407
 185.000       0.9439
 186.000       1.3065
 187.000       1.4505
 188.000       1.7361
 189.000       1.8548
 190.000       2.2221
 191.000       3.3837
 192.000       4.4534
 193.000       6.2668
 194.000       7.3501
 195.000       8.8770
 196.000      10.8028
