#Res        AtomicFlx
 131.000       8.2115
 132.000       6.3521
 133.000       4.3676
 134.000       1.8089
 135.000       0.8779
 136.000       0.7277
 137.000       0.4728
 138.000       0.8755
 139.000       0.9509
 140.000       0.7921
 141.000       0.4708
 142.000       1.2494
 143.000       1.6794
 144.000       1.6403
 145.000       0.5498
 146.000       0.5940
 147.000       0.5370
 148.000       1.0147
 149.000       0.4793
 150.000       0.4297
 151.000       0.6194
 152.000       1.0421
 153.000       0.6922
 154.000       0.6570
 155.000       0.7512
 156.000       1.0111
 157.000       0.6124
 158.000       0.6499
 159.000       0.5080
 160.000       0.4998
 161.000       0.5337
 162.000       0.8754
 163.000       0.4059
 164.000       0.5305
 165.000       1.5298
 166.000       0.6272
 167.000       0.6438
 168.000       1.0314
 169.000       1.1058
 170.000       0.5354
 171.000       0.8830
 172.000       0.7647
 173.000       1.0775
 174.000       1.6353
 175.000       2.1521
 176.000       2.7992
 177.000       3.2984
 178.000       2.4447
 179.000       2.0894
 180.000       1.1651
 181.000       2.3529
 182.000       0.7643
 183.000       1.0343
 184.000       1.0824
 185.000       1.1092
 186.000       1.6048
 187.000       1.8032
 188.000       1.9487
 189.000       2.2005
 190.000       2.9275
 191.000       4.2438
 192.000       5.6167
 193.000       6.9952
 194.000       7.7802
 195.000       9.3595
 196.000      11.1232
