#Frame   AVERAGE_00010 AVERAGE_00010[SD]
       1        7.8187            0.3229
       2        6.2207            0.4635
       3        4.3860            0.4623
       4        2.5518            0.2544
       5        1.0398            0.0227
       6        0.7736            0.1131
       7        0.6031            0.0436
       8        0.9847            0.0274
       9        1.0458            0.0319
      10        0.8327            0.0701
      11        0.5829            0.0405
      12        1.3394            0.0494
      13        1.6852            0.0469
      14        1.2560            0.1325
      15        0.6639            0.0698
      16        1.0743            0.0323
      17        0.7721            0.0547
      18        1.1386            0.1194
      19        0.5896            0.0642
      20        0.5345            0.0572
      21        0.6984            0.1220
      22        1.2689            0.1890
      23        0.9393            0.1689
      24        0.8546            0.0737
      25        0.9405            0.0388
      26        1.1825            0.0333
      27        1.2033            0.0282
      28        0.9460            0.0537
      29        0.7383            0.0452
      30        0.6711            0.0449
      31        1.0259            0.0426
      32        1.1967            0.0447
      33        0.6483            0.0676
      34        0.7970            0.0571
      35        1.5703            0.0765
      36        1.0987            0.1927
      37        1.3462            0.2656
      38        2.0935            0.3211
      39        1.4964            0.1442
      40        0.8159            0.0823
      41        1.2631            0.1381
      42        0.9301            0.0626
      43        1.3494            0.1972
      44        1.8681            0.3736
      45        2.8180            0.7214
      46        3.8764            1.2265
      47        4.3527            1.6827
      48        3.9630            2.5072
      49        3.4886            2.7249
      50        2.9640            3.1658
      51        4.4343            3.2585
      52        4.4456            4.0577
      53        5.8116            4.0157
      54        6.4071            3.9881
      55        6.8224            4.3254
      56        8.3245            4.7910
      57        9.6476            4.7881
      58       12.3964            4.4591
      59       13.5101            4.7533
