#Res        AtomicFlx
   1.000       7.3156
   2.000       6.1567
   3.000       3.5999
   4.000       2.2061
   5.000       1.0790
   6.000       0.9789
   7.000       0.6861
   8.000       1.0057
   9.000       1.1050
  10.000       0.8343
  11.000       0.6393
  12.000       1.4152
  13.000       1.7295
  14.000       1.3446
  15.000       0.7322
  16.000       1.0789
  17.000       0.8609
  18.000       1.3545
  19.000       0.6991
  20.000       0.6340
  21.000       0.9210
  22.000       1.5929
  23.000       1.2632
  24.000       0.9647
  25.000       1.0072
  26.000       1.1896
  27.000       1.2290
  28.000       0.9938
  29.000       0.7832
  30.000       0.7471
  31.000       1.0206
  32.000       1.1968
  33.000       0.5779
  34.000       0.7457
  35.000       1.4403
  36.000       0.8733
  37.000       0.9107
  38.000       1.6600
  39.000       1.5859
  40.000       0.9116
  41.000       1.4172
  42.000       1.0218
  43.000       1.6948
  44.000       2.5370
  45.000       4.1031
  46.000       6.0225
  47.000       7.5528
  48.000       8.9372
  49.000       8.9253
  50.000       9.2878
  51.000      10.8480
  52.000      12.2076
  53.000      13.6455
  54.000      14.3104
  55.000      15.1664
  56.000      17.1909
  57.000      18.3072
  58.000      20.3003
  59.000      21.7575
