#Res        AtomicFlx
   1.000       7.5721
   2.000       5.3573
   3.000       4.2800
   4.000       2.7022
   5.000       1.0273
   6.000       0.6873
   7.000       0.5857
   8.000       0.9772
   9.000       1.0237
  10.000       0.8007
  11.000       0.5564
  12.000       1.3047
  13.000       1.6847
  14.000       1.2564
  15.000       0.6144
  16.000       1.0629
  17.000       0.7203
  18.000       1.0495
  19.000       0.5361
  20.000       0.4852
  21.000       0.5916
  22.000       1.0882
  23.000       0.8108
  24.000       0.7800
  25.000       0.9130
  26.000       1.1549
  27.000       1.1946
  28.000       0.8875
  29.000       0.6999
  30.000       0.6437
  31.000       0.9887
  32.000       1.1629
  33.000       0.6704
  34.000       0.7987
  35.000       1.6258
  36.000       1.2066
  37.000       1.5147
  38.000       2.3896
  39.000       1.3978
  40.000       0.7741
  41.000       1.4400
  42.000       0.8628
  43.000       1.1535
  44.000       1.6004
  45.000       2.2599
  46.000       2.9587
  47.000       3.3343
  48.000       2.4830
  49.000       1.9415
  50.000       1.1848
  51.000       2.3652
  52.000       1.5120
  53.000       3.3124
  54.000       4.6124
  55.000       6.9038
  56.000       9.3110
  57.000      11.1370
  58.000      13.9740
  59.000      15.5295
