#Res        AtomicFlx
   1.000       7.9982
   2.000       6.4221
   3.000       4.9638
   4.000       2.8420
   5.000       1.0407
   6.000       0.6761
   7.000       0.5638
   8.000       0.9352
   9.000       1.0131
  10.000       0.7366
  11.000       0.5393
  12.000       1.2832
  13.000       1.6316
  14.000       1.0824
  15.000       0.5796
  16.000       1.0282
  17.000       0.7175
  18.000       1.0231
  19.000       0.5322
  20.000       0.4854
  21.000       0.5910
  22.000       1.1025
  23.000       0.8081
  24.000       0.7728
  25.000       0.8958
  26.000       1.1357
  27.000       1.1521
  28.000       0.8740
  29.000       0.6706
  30.000       0.6119
  31.000       0.9715
  32.000       1.1330
  33.000       0.5651
  34.000       0.7256
  35.000       1.5267
  36.000       0.8605
  37.000       1.1730
  38.000       1.7532
  39.000       1.2910
  40.000       0.6922
  41.000       1.1224
  42.000       0.8848
  43.000       1.1849
  44.000       1.5999
  45.000       2.3665
  46.000       3.0897
  47.000       3.3802
  48.000       2.7184
  49.000       2.1801
  50.000       1.3819
  51.000       2.5030
  52.000       1.7636
  53.000       3.4500
  54.000       3.9512
  55.000       3.6284
  56.000       5.0370
  57.000       6.1229
  58.000       8.9893
  59.000       9.7293
