#Res        AtomicFlx
   1.000       8.0238
   2.000       6.4817
   3.000       4.3760
   4.000       2.2889
   5.000       1.0103
   6.000       0.7148
   7.000       0.5757
   8.000       0.9940
   9.000       1.0417
  10.000       0.8400
  11.000       0.5557
  12.000       1.3155
  13.000       1.6347
  14.000       1.1464
  15.000       0.6334
  16.000       1.0729
  17.000       0.7558
  18.000       1.0923
  19.000       0.5553
  20.000       0.5056
  21.000       0.6630
  22.000       1.2000
  23.000       0.8766
  24.000       0.8483
  25.000       0.9311
  26.000       1.2051
  27.000       1.2240
  28.000       0.9806
  29.000       0.7575
  30.000       0.6738
  31.000       1.0780
  32.000       1.2400
  33.000       0.6837
  34.000       0.8823
  35.000       1.6140
  36.000       1.2365
  37.000       1.5038
  38.000       2.2614
  39.000       1.5013
  40.000       0.7997
  41.000       1.1337
  42.000       0.8937
  43.000       1.2878
  44.000       1.5801
  45.000       2.2343
  46.000       2.8316
  47.000       2.9726
  48.000       2.3812
  49.000       1.9429
  50.000       1.3008
  51.000       2.5101
  52.000       1.9632
  53.000       3.0970
  54.000       3.8257
  55.000       4.0782
  56.000       6.2295
  57.000       7.5716
  58.000      10.8424
  59.000      11.9322
