#Res        AtomicFlx
   1.000       8.1836
   2.000       6.6856
   3.000       4.7105
   4.000       2.7199
   5.000       1.0415
   6.000       0.8111
   7.000       0.6041
   8.000       1.0114
   9.000       1.0454
  10.000       0.9520
  11.000       0.6240
  12.000       1.3786
  13.000       1.7454
  14.000       1.4503
  15.000       0.7599
  16.000       1.1284
  17.000       0.8060
  18.000       1.1734
  19.000       0.6255
  20.000       0.5623
  21.000       0.7254
  22.000       1.3610
  23.000       0.9376
  24.000       0.9072
  25.000       0.9554
  26.000       1.2274
  27.000       1.2169
  28.000       0.9940
  29.000       0.7804
  30.000       0.6790
  31.000       1.0707
  32.000       1.2507
  33.000       0.7444
  34.000       0.8326
  35.000       1.6445
  36.000       1.3165
  37.000       1.6286
  38.000       2.4031
  39.000       1.7061
  40.000       0.9018
  41.000       1.2020
  42.000       0.9876
  43.000       1.4259
  44.000       2.0233
  45.000       3.1260
  46.000       4.4793
  47.000       4.5235
  48.000       3.2952
  49.000       2.4532
  50.000       1.6649
  51.000       3.9452
  52.000       4.7816
  53.000       5.5531
  54.000       5.3360
  55.000       4.3352
  56.000       3.8542
  57.000       5.0992
  58.000       7.8762
  59.000       8.6022
