#Res        AtomicFlx
  60.000       7.4969
  61.000       6.1706
  62.000       4.0108
  63.000       1.9485
  64.000       0.9536
  65.000       0.7888
  66.000       0.5462
  67.000       1.0006
  68.000       1.0248
  69.000       0.9169
  70.000       0.5728
  71.000       1.3411
  72.000       1.6247
  73.000       1.2462
  74.000       0.6706
  75.000       1.0185
  76.000       0.7575
  77.000       1.1349
  78.000       0.6220
  79.000       0.5434
  80.000       0.6958
  81.000       1.2763
  82.000       0.9040
  83.000       0.8322
  84.000       0.9535
  85.000       1.1800
  86.000       1.1425
  87.000       0.8136
  88.000       0.6081
  89.000       0.5579
  90.000       0.8699
  91.000       0.9901
  92.000       0.4555
  93.000       0.5811
  94.000       1.2397
  95.000       0.6783
  96.000       0.7192
  97.000       0.7901
  98.000       1.2590
  99.000       0.5884
 100.000       0.9875
 101.000       0.8545
 102.000       1.2324
 103.000       1.7451
 104.000       3.1913
 105.000       3.5142
 106.000       5.2611
 107.000       3.9756
 108.000       3.4351
 109.000       2.4658
 110.000       2.7775
 111.000       0.9042
 112.000       1.1556
 113.000       1.0417
 114.000       1.2068
 115.000       2.2850
 116.000       2.7127
 117.000       3.8509
 118.000       4.6328
