#Res        AtomicFlx
   1.000       6.9380
   2.000       5.6815
   3.000       3.7471
   4.000       1.7732
   5.000       0.9063
   6.000       0.7178
   7.000       0.4959
   8.000       0.9338
   9.000       0.9559
  10.000       0.6689
  11.000       0.5097
  12.000       1.2657
  13.000       1.6153
  14.000       1.2278
  15.000       0.6132
  16.000       0.9602
  17.000       0.6991
  18.000       1.0085
  19.000       0.5154
  20.000       0.4867
  21.000       0.5703
  22.000       1.0681
  23.000       0.7588
  24.000       0.7302
  25.000       0.8727
  26.000       1.1406
  27.000       1.1337
  28.000       0.7700
  29.000       0.5672
  30.000       0.5575
  31.000       0.8432
  32.000       0.9737
  33.000       0.4425
  34.000       0.5616
  35.000       1.2260
  36.000       0.6504
  37.000       0.6818
  38.000       0.7924
  39.000       1.1901
  40.000       0.5274
  41.000       0.8967
  42.000       0.7564
  43.000       1.0447
  44.000       1.3037
  45.000       1.9001
  46.000       2.3922
  47.000       2.6543
  48.000       2.2366
  49.000       1.9209
  50.000       1.0781
  51.000       2.2343
  52.000       0.7267
  53.000       1.0665
  54.000       0.9689
  55.000       1.1418
  56.000       2.1938
  57.000       2.6089
  58.000       3.7696
  59.000       4.4928
