#Res        AtomicFlx
  60.000       7.5593
  61.000       6.0187
  62.000       3.6771
  63.000       1.8057
  64.000       0.9660
  65.000       0.7483
  66.000       0.5075
  67.000       0.9690
  68.000       0.9964
  69.000       0.7978
  70.000       0.5359
  71.000       1.2975
  72.000       1.6063
  73.000       1.2742
  74.000       0.6518
  75.000       0.9741
  76.000       0.7111
  77.000       1.0606
  78.000       0.5353
  79.000       0.5041
  80.000       0.6235
  81.000       1.1427
  82.000       0.8181
  83.000       0.7862
  84.000       0.9220
  85.000       1.1701
  86.000       1.1521
  87.000       0.7912
  88.000       0.5874
  89.000       0.5835
  90.000       0.8610
  91.000       0.9918
  92.000       0.4814
  93.000       0.6118
  94.000       1.2870
  95.000       0.7602
  96.000       0.8445
  97.000       0.8285
  98.000       1.2172
  99.000       0.5493
 100.000       0.9373
 101.000       0.8111
 102.000       1.1483
 103.000       1.5474
 104.000       2.1834
 105.000       2.9013
 106.000       3.1340
 107.000       2.6600
 108.000       2.3082
 109.000       1.2505
 110.000       2.3500
 111.000       0.8004
 112.000       1.0867
 113.000       0.9733
 114.000       1.1280
 115.000       2.1671
 116.000       2.5853
 117.000       3.6854
 118.000       4.3993
