#Res        AtomicFlx
   1.000       7.3376
   2.000       5.6933
   3.000       3.9355
   4.000       1.7245
   5.000       0.8965
   6.000       0.7335
   7.000       0.4996
   8.000       0.9256
   9.000       0.9877
  10.000       0.8141
  11.000       0.5291
  12.000       1.2882
  13.000       1.6235
  14.000       1.3574
  15.000       0.6429
  16.000       0.9656
  17.000       0.7090
  18.000       1.0717
  19.000       0.5263
  20.000       0.5056
  21.000       0.6334
  22.000       1.1542
  23.000       0.8678
  24.000       0.8305
  25.000       0.9894
  26.000       1.2102
  27.000       1.1577
  28.000       0.8090
  29.000       0.5909
  30.000       0.5370
  31.000       0.8517
  32.000       0.9729
  33.000       0.4502
  34.000       0.5790
  35.000       1.2249
  36.000       0.6823
  37.000       0.7295
  38.000       0.7896
  39.000       1.2629
  40.000       0.5407
  41.000       0.9198
  42.000       0.7943
  43.000       1.0705
  44.000       1.4405
  45.000       2.2346
  46.000       2.9782
  47.000       3.4346
  48.000       2.9861
  49.000       2.6280
  50.000       1.2921
  51.000       2.4131
  52.000       0.8352
  53.000       1.0945
  54.000       1.0309
  55.000       1.2075
  56.000       2.1590
  57.000       2.5579
  58.000       3.5679
  59.000       4.2981
