#Res        AtomicFlx
  60.000       8.4106
  61.000       6.6601
  62.000       4.6385
  63.000       1.9685
  64.000       0.9463
  65.000       0.7457
  66.000       0.5146
  67.000       0.9546
  68.000       1.0063
  69.000       0.6111
  70.000       0.4983
  71.000       1.2468
  72.000       1.5623
  73.000       1.1064
  74.000       0.5738
  75.000       0.8969
  76.000       0.6904
  77.000       1.0014
  78.000       0.5066
  79.000       0.4879
  80.000       0.5740
  81.000       1.0857
  82.000       0.7950
  83.000       0.7598
  84.000       0.9188
  85.000       1.1535
  86.000       1.1292
  87.000       0.7797
  88.000       0.5788
  89.000       0.5181
  90.000       0.8185
  91.000       0.9743
  92.000       0.4386
  93.000       0.5512
  94.000       1.2147
  95.000       0.6426
  96.000       0.6789
  97.000       0.7322
  98.000       1.2260
  99.000       0.5419
 100.000       0.9331
 101.000       0.7970
 102.000       1.0482
 103.000       1.3344
 104.000       2.0120
 105.000       2.4739
 106.000       2.8652
 107.000       2.5202
 108.000       2.2518
 109.000       1.1762
 110.000       2.2572
 111.000       0.7658
 112.000       1.0814
 113.000       0.9853
 114.000       1.1502
 115.000       2.2051
 116.000       2.6018
 117.000       3.7792
 118.000       4.5061
