#Res        AtomicFlx
  60.000       6.9170
  61.000       5.7641
  62.000       3.8573
  63.000       1.8975
  64.000       0.9470
  65.000       0.7362
  66.000       0.5069
  67.000       0.9424
  68.000       0.9983
  69.000       0.8329
  70.000       0.5111
  71.000       1.2621
  72.000       1.5932
  73.000       1.0867
  74.000       0.6039
  75.000       0.9119
  76.000       0.6987
  77.000       1.0045
  78.000       0.5265
  79.000       0.5121
  80.000       0.6400
  81.000       1.1597
  82.000       0.8729
  83.000       0.8347
  84.000       0.9875
  85.000       1.2016
  86.000       1.1135
  87.000       0.7865
  88.000       0.5813
  89.000       0.5638
  90.000       0.8328
  91.000       0.9768
  92.000       0.4437
  93.000       0.5684
  94.000       1.2211
  95.000       0.6696
  96.000       0.7067
  97.000       0.7590
  98.000       1.2530
  99.000       0.5405
 100.000       0.9292
 101.000       0.8137
 102.000       1.1350
 103.000       1.6043
 104.000       2.5213
 105.000       3.2699
 106.000       3.8758
 107.000       3.1560
 108.000       2.6985
 109.000       1.3680
 110.000       2.2657
 111.000       0.8326
 112.000       1.0898
 113.000       1.0242
 114.000       1.2005
 115.000       2.1742
 116.000       2.6051
 117.000       3.6951
 118.000       4.3517
