#Res        AtomicFlx
  60.000       7.7104
  61.000       5.9711
  62.000       3.9234
  63.000       1.7444
  64.000       0.9207
  65.000       0.7458
  66.000       0.5070
  67.000       0.9700
  68.000       0.9632
  69.000       0.7992
  70.000       0.5576
  71.000       1.3070
  72.000       1.6521
  73.000       1.3293
  74.000       0.6794
  75.000       0.9834
  76.000       0.7052
  77.000       1.0452
  78.000       0.5431
  79.000       0.5087
  80.000       0.6449
  81.000       1.1799
  82.000       0.8490
  83.000       0.8179
  84.000       0.9557
  85.000       1.1909
  86.000       1.1357
  87.000       0.7972
  88.000       0.5850
  89.000       0.5742
  90.000       0.8615
  91.000       0.9763
  92.000       0.4450
  93.000       0.5696
  94.000       1.2113
  95.000       0.6604
  96.000       0.7038
  97.000       0.7824
  98.000       1.2384
  99.000       0.5417
 100.000       0.9159
 101.000       0.8011
 102.000       1.1412
 103.000       1.6789
 104.000       2.4687
 105.000       3.2778
 106.000       3.4397
 107.000       2.8668
 108.000       2.4683
 109.000       1.2436
 110.000       2.2935
 111.000       0.8106
 112.000       1.0873
 113.000       1.0077
 114.000       1.1761
 115.000       2.1640
 116.000       2.5592
 117.000       3.6486
 118.000       4.3608
