#Res        AtomicFlx
   1.000       4.9591
   2.000       3.7235
   3.000       2.8454
   4.000       1.5716
   5.000       0.8699
   6.000       0.6635
   7.000       0.4881
   8.000       0.9449
   9.000       0.9531
  10.000       0.7850
  11.000       0.4944
  12.000       1.2381
  13.000       1.5814
  14.000       1.1350
  15.000       0.5726
  16.000       0.8780
  17.000       0.6908
  18.000       1.0007
  19.000       0.5083
  20.000       0.4891
  21.000       0.5873
  22.000       1.0708
  23.000       0.7857
  24.000       0.7465
  25.000       0.9142
  26.000       1.1366
  27.000       1.1017
  28.000       0.7598
  29.000       0.5625
  30.000       0.5154
  31.000       0.8018
  32.000       0.9656
  33.000       0.4580
  34.000       0.5749
  35.000       1.2282
  36.000       0.7167
  37.000       0.8124
  38.000       0.7978
  39.000       1.2276
  40.000       0.5233
  41.000       0.9039
  42.000       0.7394
  43.000       0.9714
  44.000       1.3875
  45.000       2.1350
  46.000       2.8508
  47.000       3.1073
  48.000       2.6234
  49.000       2.2023
  50.000       1.1364
  51.000       2.2588
  52.000       0.7342
  53.000       1.0307
  54.000       0.9702
  55.000       1.1393
  56.000       2.1183
  57.000       2.5233
  58.000       3.6258
  59.000       4.3596
