#Res        AtomicFlx
   1.000       7.6177
   2.000       5.9130
   3.000       3.9145
   4.000       1.8647
   5.000       0.9326
   6.000       0.7517
   7.000       0.5049
   8.000       0.9485
   9.000       1.0034
  10.000       0.8486
  11.000       0.5304
  12.000       1.2953
  13.000       1.5944
  14.000       1.2223
  15.000       0.6414
  16.000       0.9335
  17.000       0.6970
  18.000       1.0231
  19.000       0.5298
  20.000       0.5056
  21.000       0.6400
  22.000       1.1718
  23.000       0.8692
  24.000       0.8565
  25.000       0.9916
  26.000       1.2069
  27.000       1.1439
  28.000       0.8273
  29.000       0.6035
  30.000       0.5479
  31.000       0.8605
  32.000       0.9789
  33.000       0.4441
  34.000       0.5680
  35.000       1.2101
  36.000       0.6551
  37.000       0.7136
  38.000       0.7941
  39.000       1.2783
  40.000       0.5535
  41.000       0.9445
  42.000       0.7882
  43.000       1.1277
  44.000       1.6109
  45.000       2.3646
  46.000       2.9107
  47.000       3.7329
  48.000       2.9579
  49.000       2.5866
  50.000       1.2538
  51.000       2.2761
  52.000       0.8115
  53.000       1.1179
  54.000       1.0350
  55.000       1.2301
  56.000       2.2580
  57.000       2.7071
  58.000       3.8452
  59.000       4.5238
