#Res        AtomicFlx
   1.000       7.9417
   2.000       6.2984
   3.000       4.0963
   4.000       1.8487
   5.000       0.9850
   6.000       0.7677
   7.000       0.5128
   8.000       0.9588
   9.000       1.0053
  10.000       0.8740
  11.000       0.5412
  12.000       1.2793
  13.000       1.6236
  14.000       1.3284
  15.000       0.6509
  16.000       0.9805
  17.000       0.7104
  18.000       1.0516
  19.000       0.5266
  20.000       0.4887
  21.000       0.5799
  22.000       1.0939
  23.000       0.7548
  24.000       0.7261
  25.000       0.8673
  26.000       1.1499
  27.000       1.1472
  28.000       0.7763
  29.000       0.5739
  30.000       0.5223
  31.000       0.8548
  32.000       0.9774
  33.000       0.4401
  34.000       0.5578
  35.000       1.2114
  36.000       0.6493
  37.000       0.6679
  38.000       0.7573
  39.000       1.1536
  40.000       0.5367
  41.000       0.9342
  42.000       0.7994
  43.000       1.0737
  44.000       1.5228
  45.000       2.1088
  46.000       2.7372
  47.000       2.8489
  48.000       2.1401
  49.000       1.7111
  50.000       1.0974
  51.000       2.1643
  52.000       0.7338
  53.000       1.0652
  54.000       0.9469
  55.000       1.1338
  56.000       2.1835
  57.000       2.6270
  58.000       3.7753
  59.000       4.5171
