#Frame   AVERAGE_00010 AVERAGE_00010[SD]
       1        6.9588            1.0529
       2        5.4619            0.8974
       3        3.7078            0.4451
       4        1.7565            0.1055
       5        0.9181            0.0390
       6        0.7268            0.0358
       7        0.5003            0.0083
       8        0.9423            0.0116
       9        0.9811            0.0226
      10        0.7981            0.0713
      11        0.5210            0.0167
      12        1.2733            0.0202
      13        1.6076            0.0169
      14        1.2542            0.0801
      15        0.6242            0.0288
      16        0.9436            0.0361
      17        0.7013            0.0074
      18        1.0311            0.0267
      19        0.5213            0.0081
      20        0.4951            0.0086
      21        0.6022            0.0288
      22        1.1118            0.0431
      23        0.8073            0.0511
      24        0.7780            0.0546
      25        0.9270            0.0543
      26        1.1688            0.0327
      27        1.1368            0.0192
      28        0.7885            0.0255
      29        0.5796            0.0153
      30        0.5360            0.0156
      31        0.8424            0.0211
      32        0.9737            0.0046
      33        0.4470            0.0064
      34        0.5683            0.0079
      35        1.2201            0.0077
      36        0.6708            0.0259
      37        0.7210            0.0507
      38        0.7862            0.0147
      39        1.2225            0.0460
      40        0.5363            0.0106
      41        0.9198            0.0179
      42        0.7755            0.0235
      43        1.0576            0.0509
      44        1.4531            0.1063
      45        2.1486            0.1533
      46        2.7738            0.2066
      47        3.1556            0.3896
      48        2.5888            0.3523
      49        2.2098            0.3603
      50        1.1716            0.0857
      51        2.2693            0.0813
      52        0.7683            0.0457
      53        1.0750            0.0295
      54        0.9904            0.0358
      55        1.1705            0.0402
      56        2.1825            0.0458
      57        2.6048            0.0630
      58        3.7168            0.1031
      59        4.4383            0.0920
