#Frame   AVERAGE_00010 AVERAGE_00010[SD]
       1        7.6188            0.4788
       2        6.1169            0.3011
       3        4.0214            0.3274
       4        1.8729            0.0854
       5        0.9467            0.0148
       6        0.7530            0.0184
       7        0.5164            0.0152
       8        0.9673            0.0195
       9        0.9978            0.0200
      10        0.7916            0.1001
      11        0.5351            0.0278
      12        1.2909            0.0335
      13        1.6077            0.0301
      14        1.2086            0.0955
      15        0.6359            0.0406
      16        0.9570            0.0456
      17        0.7126            0.0235
      18        1.0493            0.0485
      19        0.5467            0.0396
      20        0.5112            0.0181
      21        0.6356            0.0392
      22        1.1689            0.0622
      23        0.8478            0.0386
      24        0.8062            0.0289
      25        0.9475            0.0252
      26        1.1792            0.0166
      27        1.1346            0.0130
      28        0.7936            0.0115
      29        0.5881            0.0104
      30        0.5595            0.0225
      31        0.8487            0.0196
      32        0.9819            0.0075
      33        0.4528            0.0153
      34        0.5764            0.0201
      35        1.2348            0.0279
      36        0.6822            0.0407
      37        0.7306            0.0584
      38        0.7784            0.0322
      39        1.2387            0.0157
      40        0.5524            0.0183
      41        0.9406            0.0245
      42        0.8155            0.0205
      43        1.1410            0.0584
      44        1.5820            0.1407
      45        2.4753            0.4037
      46        3.0874            0.3641
      47        3.7152            0.8428
      48        3.0357            0.5164
      49        2.6324            0.4303
      50        1.5008            0.4864
      51        2.3888            0.1971
      52        0.8227            0.0461
      53        1.1002            0.0279
      54        1.0064            0.0249
      55        1.1723            0.0298
      56        2.1991            0.0454
      57        2.6128            0.0525
      58        3.7318            0.0733
      59        4.4501            0.1065
