#Res        AtomicFlx
 124.000       6.7213
 125.000       5.0565
 126.000       3.7897
 127.000       1.7915
 128.000       0.8244
 129.000       0.6204
 130.000       0.4630
 131.000       0.9290
 132.000       0.8679
 133.000       0.5996
 134.000       0.4438
 135.000       1.2120
 136.000       1.5895
 137.000       1.0673
 138.000       0.4924
 139.000       0.4657
 140.000       0.4380
 141.000       1.0348
 142.000       0.4510
 143.000       0.3805
 144.000       0.4620
 145.000       0.9927
 146.000       0.5713
 147.000       0.5789
 148.000       0.6136
 149.000       0.5420
 150.000       0.3996
 151.000       0.3989
 152.000       0.3418
 153.000       0.3558
 154.000       0.3889
 155.000       0.4953
 156.000       0.3790
 157.000       0.4616
 158.000       1.5145
 159.000       0.4996
 160.000       0.5932
 161.000       0.4738
 162.000       1.0285
 163.000       0.4737
 164.000       0.7951
 165.000       0.6678
 166.000       0.9035
 167.000       1.2017
 168.000       1.8359
 169.000       2.3909
 170.000       3.0437
 171.000       2.3005
 172.000       1.9303
 173.000       0.9977
 174.000       2.2266
 175.000       0.5829
 176.000       0.8824
 177.000       0.6974
 178.000       0.9943
 179.000       1.2849
 180.000       1.2804
 181.000       1.4148
 182.000       1.7599
