#Res        AtomicFlx
 124.000       8.4253
 125.000       6.3739
 126.000       3.8333
 127.000       1.7991
 128.000       0.8911
 129.000       0.6975
 130.000       0.4822
 131.000       0.9056
 132.000       0.9936
 133.000       0.8315
 134.000       0.4628
 135.000       1.2371
 136.000       1.6007
 137.000       1.2721
 138.000       0.5436
 139.000       0.5261
 140.000       0.4809
 141.000       1.0479
 142.000       0.4625
 143.000       0.4186
 144.000       0.5243
 145.000       1.0494
 146.000       0.6728
 147.000       0.6538
 148.000       0.7404
 149.000       0.9917
 150.000       0.4999
 151.000       0.5674
 152.000       0.4481
 153.000       0.4478
 154.000       0.4321
 155.000       0.6995
 156.000       0.3971
 157.000       0.4814
 158.000       1.5523
 159.000       0.5622
 160.000       0.6248
 161.000       0.6271
 162.000       1.0883
 163.000       0.5309
 164.000       0.8684
 165.000       0.7061
 166.000       0.9975
 167.000       1.2891
 168.000       1.9645
 169.000       2.5051
 170.000       3.0561
 171.000       2.4504
 172.000       2.1811
 173.000       1.1561
 174.000       2.3039
 175.000       0.7455
 176.000       1.0273
 177.000       0.8698
 178.000       1.0724
 179.000       1.5321
 180.000       1.6727
 181.000       1.7763
 182.000       2.2325
