#Res        AtomicFlx
  65.000       7.4337
  66.000       5.8390
  67.000       4.0591
  68.000       1.7700
  69.000       0.8823
  70.000       0.6565
  71.000       0.4745
  72.000       0.9074
  73.000       0.9644
  74.000       0.8118
  75.000       0.4508
  76.000       1.2307
  77.000       1.6367
  78.000       1.3037
  79.000       0.5164
  80.000       0.5064
  81.000       0.4779
  82.000       1.0739
  83.000       0.4557
  84.000       0.3934
  85.000       0.4747
  86.000       0.9853
  87.000       0.5834
  88.000       0.5861
  89.000       0.6521
  90.000       0.8329
  91.000       0.4546
  92.000       0.4859
  93.000       0.3961
  94.000       0.3989
  95.000       0.4043
  96.000       0.5877
  97.000       0.3828
  98.000       0.4720
  99.000       1.5485
 100.000       0.5260
 101.000       0.5720
 102.000       0.5419
 103.000       1.0146
 104.000       0.4858
 105.000       0.8719
 106.000       0.7043
 107.000       0.9298
 108.000       1.1980
 109.000       1.7465
 110.000       2.1913
 111.000       2.6528
 112.000       2.1691
 113.000       1.7512
 114.000       0.9918
 115.000       2.2318
 116.000       0.6232
 117.000       0.9333
 118.000       0.7914
 119.000       1.0225
 120.000       1.4309
 121.000       1.6486
 122.000       1.7182
 123.000       2.2087
