#Res        AtomicFlx
  65.000       7.8329
  66.000       6.1125
  67.000       4.5418
  68.000       2.1543
  69.000       0.9131
  70.000       0.6858
  71.000       0.4567
  72.000       0.8741
  73.000       0.9432
  74.000       0.6658
  75.000       0.4567
  76.000       1.2342
  77.000       1.5946
  78.000       1.3594
  79.000       0.5458
  80.000       0.5279
  81.000       0.4786
  82.000       1.0588
  83.000       0.4584
  84.000       0.3989
  85.000       0.4796
  86.000       0.9965
  87.000       0.5998
  88.000       0.5793
  89.000       0.6628
  90.000       0.9214
  91.000       0.4848
  92.000       0.5110
  93.000       0.4179
  94.000       0.4520
  95.000       0.4235
  96.000       0.6279
  97.000       0.3954
  98.000       0.4887
  99.000       1.5684
 100.000       0.5721
 101.000       0.6180
 102.000       0.5758
 103.000       1.0120
 104.000       0.5034
 105.000       0.8816
 106.000       0.7220
 107.000       0.9035
 108.000       1.2847
 109.000       1.8724
 110.000       2.4074
 111.000       2.5922
 112.000       2.0785
 113.000       1.7817
 114.000       1.0713
 115.000       2.2863
 116.000       0.6662
 117.000       0.9695
 118.000       0.8227
 119.000       0.9949
 120.000       1.4059
 121.000       1.5169
 122.000       1.6344
 123.000       2.0517
