#Res        AtomicFlx
  65.000       7.4840
  66.000       6.2957
  67.000       4.4410
  68.000       1.7784
  69.000       0.9191
  70.000       0.7606
  71.000       0.4843
  72.000       0.8943
  73.000       0.9623
  74.000       0.6441
  75.000       0.4703
  76.000       1.2349
  77.000       1.6057
  78.000       1.1490
  79.000       0.5634
  80.000       0.5956
  81.000       0.5481
  82.000       1.0864
  83.000       0.4781
  84.000       0.4146
  85.000       0.4996
  86.000       1.0281
  87.000       0.6288
  88.000       0.6176
  89.000       0.7115
  90.000       0.9899
  91.000       0.7075
  92.000       0.5882
  93.000       0.4534
  94.000       0.4937
  95.000       0.5342
  96.000       0.6834
  97.000       0.3965
  98.000       0.5073
  99.000       1.5089
 100.000       0.5915
 101.000       0.6548
 102.000       0.5789
 103.000       1.0643
 104.000       0.5173
 105.000       0.8723
 106.000       0.7219
 107.000       0.9572
 108.000       1.1711
 109.000       1.7556
 110.000       2.1892
 111.000       2.4256
 112.000       1.9373
 113.000       1.7226
 114.000       1.0282
 115.000       2.2754
 116.000       0.6712
 117.000       0.9740
 118.000       0.8239
 119.000       0.9692
 120.000       1.4111
 121.000       1.4922
 122.000       1.6348
 123.000       2.0629
