#Res        AtomicFlx
 124.000       6.5916
 125.000       4.9039
 126.000       3.5378
 127.000       1.5820
 128.000       0.8338
 129.000       0.6980
 130.000       0.4617
 131.000       0.8626
 132.000       0.9106
 133.000       0.6878
 134.000       0.4407
 135.000       1.2093
 136.000       1.6234
 137.000       1.3137
 138.000       0.5318
 139.000       0.5348
 140.000       0.4990
 141.000       1.0623
 142.000       0.4498
 143.000       0.3938
 144.000       0.4683
 145.000       0.9862
 146.000       0.5738
 147.000       0.5713
 148.000       0.6761
 149.000       0.9789
 150.000       0.4848
 151.000       0.5797
 152.000       0.4407
 153.000       0.4329
 154.000       0.4200
 155.000       0.6953
 156.000       0.3847
 157.000       0.4761
 158.000       1.5386
 159.000       0.5371
 160.000       0.5754
 161.000       0.5518
 162.000       1.0130
 163.000       0.5038
 164.000       0.8414
 165.000       0.6714
 166.000       0.8955
 167.000       1.1694
 168.000       1.7591
 169.000       2.2141
 170.000       2.4473
 171.000       1.9494
 172.000       1.6241
 173.000       0.9968
 174.000       2.1419
 175.000       0.6193
 176.000       0.9007
 177.000       0.8220
 178.000       0.8943
 179.000       1.3227
 180.000       1.4500
 181.000       1.5453
 182.000       1.9485
