#Res        AtomicFlx
  65.000       8.4476
  66.000       6.4132
  67.000       4.2452
  68.000       1.5144
  69.000       0.8231
  70.000       0.5734
  71.000       0.4394
  72.000       0.8703
  73.000       0.9327
  74.000       0.8236
  75.000       0.4460
  76.000       1.2551
  77.000       1.6359
  78.000       1.4259
  79.000       0.5189
  80.000       0.5445
  81.000       0.5093
  82.000       1.0506
  83.000       0.4487
  84.000       0.3974
  85.000       0.4690
  86.000       0.9770
  87.000       0.6003
  88.000       0.5782
  89.000       0.6669
  90.000       0.9549
  91.000       0.5578
  92.000       0.5538
  93.000       0.4267
  94.000       0.4719
  95.000       0.4373
  96.000       0.5667
  97.000       0.3822
  98.000       0.4852
  99.000       1.6011
 100.000       0.5484
 101.000       0.5670
 102.000       0.5316
 103.000       0.9620
 104.000       0.4849
 105.000       0.6213
 106.000       0.7022
 107.000       0.8779
 108.000       1.2442
 109.000       1.8396
 110.000       2.3015
 111.000       2.8844
 112.000       2.1897
 113.000       1.9588
 114.000       1.0525
 115.000       2.3100
 116.000       0.6557
 117.000       0.9278
 118.000       0.7864
 119.000       0.9402
 120.000       1.2146
 121.000       1.3398
 122.000       1.4313
 123.000       1.7871
