#Res        AtomicFlx
 124.000       7.8244
 125.000       6.5184
 126.000       4.5461
 127.000       1.8395
 128.000       0.8852
 129.000       0.6761
 130.000       0.4529
 131.000       0.8619
 132.000       0.9651
 133.000       0.6722
 134.000       0.4708
 135.000       1.2508
 136.000       1.5752
 137.000       1.2489
 138.000       0.5563
 139.000       0.5337
 140.000       0.4900
 141.000       1.0732
 142.000       0.4835
 143.000       0.4133
 144.000       0.5034
 145.000       1.0443
 146.000       0.6618
 147.000       0.6101
 148.000       0.6872
 149.000       0.9889
 150.000       0.4618
 151.000       0.5793
 152.000       0.4398
 153.000       0.4355
 154.000       0.4141
 155.000       0.6502
 156.000       0.3844
 157.000       0.4715
 158.000       1.5670
 159.000       0.5423
 160.000       0.5922
 161.000       0.6046
 162.000       1.0034
 163.000       0.5255
 164.000       0.8727
 165.000       0.7162
 166.000       1.0257
 167.000       1.4565
 168.000       2.1258
 169.000       2.7033
 170.000       3.1935
 171.000       2.4816
 172.000       2.3049
 173.000       1.4643
 174.000       2.3291
 175.000       0.6827
 176.000       0.9958
 177.000       0.8283
 178.000       0.9575
 179.000       1.3511
 180.000       1.4668
 181.000       1.6077
 182.000       2.0117
