#Res        AtomicFlx
  65.000       5.4831
  66.000       4.5202
  67.000       2.4032
  68.000       1.1269
  69.000       0.8051
  70.000       0.7747
  71.000       0.4502
  72.000       0.9927
  73.000       0.7987
  74.000       0.6258
  75.000       0.4936
  76.000       1.2195
  77.000       1.5718
  78.000       0.9884
  79.000       0.6295
  80.000       0.7271
  81.000       0.5609
  82.000       1.0912
  83.000       0.4949
  84.000       0.4093
  85.000       0.4878
  86.000       0.9807
  87.000       0.6158
  88.000       0.5687
  89.000       0.6588
  90.000       0.9908
  91.000       0.9186
  92.000       0.6079
  93.000       0.4593
  94.000       0.5053
  95.000       0.6428
  96.000       0.5675
  97.000       0.3985
  98.000       0.5027
  99.000       1.4718
 100.000       0.6001
 101.000       0.6803
 102.000       0.5507
 103.000       1.0031
 104.000       0.5150
 105.000       0.6267
 106.000       0.6412
 107.000       0.7934
 108.000       1.1449
 109.000       1.8453
 110.000       2.3642
 111.000       2.8834
 112.000       1.7351
 113.000       1.5524
 114.000       1.0148
 115.000       2.0327
 116.000       0.6215
 117.000       1.0365
 118.000       0.7611
 119.000       0.9067
 120.000       1.3107
 121.000       1.3709
 122.000       1.5476
 123.000       1.9682
