#Frame   AVERAGE_00010 AVERAGE_00010[SD]
       1        6.5988            1.7254
       2        4.9076            1.7406
       3        3.5499            0.8249
       4        1.5878            0.3424
       5        0.8138            0.0936
       6        0.6386            0.0743
       7        0.4579            0.0170
       8        0.9005            0.0335
       9        0.9101            0.0651
      10        0.6573            0.1105
      11        0.4421            0.0273
      12        1.2065            0.0445
      13        1.5921            0.0187
      14        1.1194            0.2283
      15        0.5025            0.0609
      16        0.4902            0.0560
      17        0.4686            0.0269
      18        1.0421            0.0282
      19        0.4486            0.0289
      20        0.3934            0.0213
      21        0.4758            0.0356
      22        0.9971            0.0493
      23        0.6022            0.0554
      24        0.5912            0.0381
      25        0.6734            0.0420
      26        0.8718            0.1724
      27        0.4503            0.0409
      28        0.5147            0.0762
      29        0.4158            0.0394
      30        0.4116            0.0349
      31        0.4009            0.0294
      32        0.6667            0.0975
      33        0.3845            0.0069
      34        0.4647            0.0172
      35        1.4145            0.2579
      36        0.5254            0.0283
      37        0.5916            0.0187
      38        0.5590            0.0538
      39        1.0346            0.0296
      40        0.4995            0.0270
      41        0.7914            0.1095
      42        0.6658            0.0527
      43        0.9132            0.0988
      44        1.1958            0.1942
      45        1.8191            0.2393
      46        2.2715            0.3969
      47        2.6826            0.5668
      48        2.0857            0.4601
      49        1.8314            0.4267
      50        1.0870            0.2165
      51        2.0470            0.4120
      52        0.6356            0.0709
      53        0.9195            0.0844
      54        0.7972            0.0594
      55        0.9653            0.0643
      56        1.3741            0.0850
      57        1.4620            0.1249
      58        1.5806            0.1168
      59        1.9755            0.1531
