#Res        AtomicFlx
 124.000       3.4316
 125.000       1.6855
 126.000       2.0425
 127.000       0.9269
 128.000       0.6343
 129.000       0.5012
 130.000       0.4297
 131.000       0.9436
 132.000       0.8131
 133.000       0.4955
 134.000       0.3924
 135.000       1.1231
 136.000       1.5719
 137.000       0.6950
 138.000       0.3885
 139.000       0.3906
 140.000       0.4349
 141.000       0.9921
 142.000       0.3961
 143.000       0.3606
 144.000       0.4211
 145.000       0.9130
 146.000       0.5313
 147.000       0.5418
 148.000       0.6497
 149.000       0.8575
 150.000       0.4055
 151.000       0.4482
 152.000       0.4086
 153.000       0.3862
 154.000       0.3492
 155.000       0.7933
 156.000       0.3773
 157.000       0.4328
 158.000       0.8999
 159.000       0.4858
 160.000       0.5723
 161.000       0.5377
 162.000       1.0400
 163.000       0.4634
 164.000       0.5796
 165.000       0.5675
 166.000       0.7439
 167.000       0.8625
 168.000       1.4103
 169.000       1.5442
 170.000       1.6726
 171.000       1.2467
 172.000       1.1166
 173.000       0.8202
 174.000       1.2334
 175.000       0.5474
 176.000       0.7914
 177.000       0.7686
 178.000       0.9082
 179.000       1.3798
 180.000       1.4403
 181.000       1.5591
 182.000       1.9247
