#Frame   AVERAGE_00010 AVERAGE_00010[SD]
       1        7.3363            0.9947
       2        5.8361            0.6859
       3        3.9381            0.7851
       4        1.6688            0.3393
       5        0.8685            0.0465
       6        0.6902            0.0733
       7        0.4610            0.0163
       8        0.9078            0.0446
       9        0.9203            0.0619
      10        0.7142            0.0855
      11        0.4635            0.0171
      12        1.2349            0.0115
      13        1.6089            0.0249
      14        1.2453            0.1577
      15        0.5548            0.0412
      16        0.5803            0.0791
      17        0.5150            0.0345
      18        1.0722            0.0156
      19        0.4672            0.0170
      20        0.4027            0.0079
      21        0.4821            0.0107
      22        0.9935            0.0185
      23        0.6056            0.0155
      24        0.5860            0.0168
      25        0.6704            0.0211
      26        0.9380            0.0585
      27        0.6247            0.1710
      28        0.5494            0.0457
      29        0.4307            0.0233
      30        0.4644            0.0375
      31        0.4884            0.0893
      32        0.6066            0.0443
      33        0.3911            0.0071
      34        0.4912            0.0127
      35        1.5397            0.0452
      36        0.5676            0.0274
      37        0.6184            0.0446
      38        0.5558            0.0186
      39        1.0112            0.0326
      40        0.5013            0.0138
      41        0.7748            0.1232
      42        0.6983            0.0298
      43        0.8924            0.0561
      44        1.2086            0.0503
      45        1.8119            0.0510
      46        2.2907            0.0887
      47        2.6877            0.1766
      48        2.0219            0.1688
      49        1.7533            0.1299
      50        1.0317            0.0279
      51        2.2272            0.1005
      52        0.6476            0.0212
      53        0.9682            0.0389
      54        0.7971            0.0237
      55        0.9667            0.0405
      56        1.3546            0.0815
      57        1.4737            0.1107
      58        1.5933            0.0973
      59        2.0157            0.1380
