#Frame   AVERAGE_00010 AVERAGE_00010[SD]
       1        8.0051            0.4469
       2        6.2200            0.3814
       3        4.5505            0.3634
       4        2.8824            0.4795
       5        1.1186            0.1899
       6        0.8010            0.1677
       7        0.6192            0.0988
       8        1.0035            0.0756
       9        1.0707            0.0853
      10        0.9972            0.2804
      11        0.6269            0.1601
      12        1.3998            0.1996
      13        1.8372            0.2918
      14        1.3719            0.3527
      15        0.7290            0.2253
      16        1.0748            0.0934
      17        0.8982            0.1400
      18        1.2362            0.2749
      19        0.6407            0.1543
      20        0.5910            0.1581
      21        0.8987            0.3039
      22        1.3754            0.4057
      23        1.0489            0.3692
      24        0.9615            0.3400
      25        0.9888            0.1870
      26        1.2049            0.1408
      27        1.1589            0.1083
      28        1.0028            0.2501
      29        0.7839            0.2204
      30        0.7010            0.1308
      31        1.0531            0.1516
      32        1.2404            0.1792
      33        0.7157            0.1524
      34        0.7955            0.1001
      35        1.6109            0.1292
      36        1.1855            0.2426
      37        1.4786            0.2019
      38        2.1905            0.3208
      39        1.5867            0.4141
      40        0.8685            0.1954
      41        1.2362            0.1832
      42        1.0377            0.2068
      43        1.4246            0.3341
      44        2.3564            1.2845
      45        3.2882            1.7499
      46        3.7885            0.9134
      47        4.2575            1.0300
      48        3.4820            1.2054
      49        2.9586            1.2985
      50        2.2781            1.3688
      51        3.1861            1.2305
      52        2.2779            1.3100
      53        3.6168            1.2636
      54        4.1177            1.6367
      55        5.1612            1.7316
      56        6.6820            1.8616
      57        7.8633            2.3938
      58       10.1527            3.0283
      59       11.2269            3.1658
