#Res        AtomicFlx
   1.000       8.2464
   2.000       6.6510
   3.000       4.7635
   4.000       2.7052
   5.000       1.0561
   6.000       0.7451
   7.000       0.5926
   8.000       0.9759
   9.000       1.0205
  10.000       0.8306
  11.000       0.5466
  12.000       1.3011
  13.000       1.6774
  14.000       1.2102
  15.000       0.6363
  16.000       1.0405
  17.000       0.8536
  18.000       1.1416
  19.000       0.5818
  20.000       0.5365
  21.000       0.8288
  22.000       1.2568
  23.000       0.9897
  24.000       0.9044
  25.000       0.9508
  26.000       1.1701
  27.000       1.1312
  28.000       0.9329
  29.000       0.7430
  30.000       0.6985
  31.000       1.0154
  32.000       1.2227
  33.000       0.6992
  34.000       0.7890
  35.000       1.5990
  36.000       1.1637
  37.000       1.4458
  38.000       2.1327
  39.000       1.5949
  40.000       0.8611
  41.000       1.1598
  42.000       0.9781
  43.000       1.3014
  44.000       1.7092
  45.000       2.3966
  46.000       3.1969
  47.000       3.1819
  48.000       2.2768
  49.000       1.7191
  50.000       1.1991
  51.000       2.2945
  52.000       1.3971
  53.000       2.8782
  54.000       2.7100
  55.000       5.0274
  56.000       6.7393
  57.000       8.9036
  58.000      11.6425
  59.000      12.7120
