#Res        AtomicFlx
   1.000       8.1228
   2.000       6.4389
   3.000       4.7142
   4.000       2.7255
   5.000       1.0369
   6.000       0.6975
   7.000       0.5382
   8.000       0.9538
   9.000       1.0263
  10.000       0.8695
  11.000       0.5544
  12.000       1.3014
  13.000       1.7297
  14.000       1.1956
  15.000       0.6175
  16.000       0.9911
  17.000       0.8192
  18.000       1.0868
  19.000       0.5740
  20.000       0.5165
  21.000       0.7158
  22.000       1.1534
  23.000       0.8225
  24.000       0.7313
  25.000       0.8480
  26.000       1.1183
  27.000       1.0759
  28.000       0.8495
  29.000       0.5980
  30.000       0.5786
  31.000       0.9268
  32.000       1.0620
  33.000       0.5569
  34.000       0.6913
  35.000       1.4840
  36.000       0.9621
  37.000       1.2911
  38.000       1.9497
  39.000       1.2519
  40.000       0.7160
  41.000       1.1760
  42.000       0.8565
  43.000       1.2151
  44.000       1.6546
  45.000       2.3777
  46.000       3.4052
  47.000       3.9036
  48.000       2.7751
  49.000       2.0647
  50.000       1.2776
  51.000       2.2775
  52.000       1.3912
  53.000       2.4530
  54.000       2.3777
  55.000       2.5112
  56.000       3.6531
  57.000       3.6656
  58.000       4.4659
  59.000       5.3823
