#Res        AtomicFlx
   1.000       8.3792
   2.000       6.3147
   3.000       4.9446
   4.000       2.9871
   5.000       1.0248
   6.000       0.7061
   7.000       0.5685
   8.000       0.9769
   9.000       1.0573
  10.000       0.8489
  11.000       0.5449
  12.000       1.3059
  13.000       1.6831
  14.000       1.1716
  15.000       0.6072
  16.000       1.0432
  17.000       0.8178
  18.000       1.0550
  19.000       0.5335
  20.000       0.4906
  21.000       0.7034
  22.000       1.1026
  23.000       0.7956
  24.000       0.7444
  25.000       0.8709
  26.000       1.1154
  27.000       1.1142
  28.000       0.8698
  29.000       0.6838
  30.000       0.6356
  31.000       0.9913
  32.000       1.1535
  33.000       0.6557
  34.000       0.7691
  35.000       1.5692
  36.000       1.1160
  37.000       1.4061
  38.000       1.9848
  39.000       1.2872
  40.000       0.7685
  41.000       1.1460
  42.000       0.8774
  43.000       1.1943
  44.000       1.5234
  45.000       2.2668
  46.000       3.0365
  47.000       3.4604
  48.000       2.6637
  49.000       2.1184
  50.000       1.2484
  51.000       2.2758
  52.000       1.4386
  53.000       2.8970
  54.000       3.6810
  55.000       4.3399
  56.000       6.1371
  57.000       7.2309
  58.000       9.9486
  59.000      10.8758
