#Res        AtomicFlx
   1.000       8.1472
   2.000       6.1696
   3.000       4.4256
   4.000       3.7238
   5.000       1.4950
   6.000       1.1349
   7.000       0.8133
   8.000       1.1536
   9.000       1.2385
  10.000       1.5570
  11.000       0.9470
  12.000       1.7989
  13.000       2.4195
  14.000       2.0767
  15.000       1.1791
  16.000       1.2574
  17.000       1.1769
  18.000       1.7830
  19.000       0.9475
  20.000       0.9058
  21.000       1.5003
  22.000       2.1807
  23.000       1.7751
  24.000       1.6305
  25.000       1.3559
  26.000       1.4838
  27.000       1.3724
  28.000       1.4997
  29.000       1.2148
  30.000       0.9514
  31.000       1.3508
  32.000       1.5829
  33.000       1.0055
  34.000       0.9848
  35.000       1.8580
  36.000       1.6507
  37.000       1.8693
  38.000       2.8193
  39.000       2.3790
  40.000       1.2472
  41.000       1.5992
  42.000       1.4272
  43.000       2.0853
  44.000       4.9075
  45.000       6.7805
  46.000       5.5513
  47.000       6.0444
  48.000       5.5239
  49.000       5.1411
  50.000       4.6418
  51.000       5.3923
  52.000       4.7888
  53.000       5.9594
  54.000       6.8506
  55.000       7.5878
  56.000       9.3541
  57.000      10.8459
  58.000      13.2383
  59.000      14.7062
