#Res        AtomicFlx
   1.000       7.1297
   2.000       5.5256
   3.000       3.9046
   4.000       2.2704
   5.000       0.9800
   6.000       0.7216
   7.000       0.5832
   8.000       0.9574
   9.000       1.0111
  10.000       0.8799
  11.000       0.5416
  12.000       1.2919
  13.000       1.6761
  14.000       1.2054
  15.000       0.6050
  16.000       1.0419
  17.000       0.8236
  18.000       1.1148
  19.000       0.5667
  20.000       0.5056
  21.000       0.7454
  22.000       1.1835
  23.000       0.8615
  24.000       0.7969
  25.000       0.9186
  26.000       1.1369
  27.000       1.1007
  28.000       0.8622
  29.000       0.6797
  30.000       0.6408
  31.000       0.9813
  32.000       1.1808
  33.000       0.6610
  34.000       0.7434
  35.000       1.5443
  36.000       1.0348
  37.000       1.3805
  38.000       2.0661
  39.000       1.4205
  40.000       0.7497
  41.000       1.1002
  42.000       1.0493
  43.000       1.3270
  44.000       1.9874
  45.000       2.6196
  46.000       3.7527
  47.000       4.6974
  48.000       4.1703
  49.000       3.7499
  50.000       3.0237
  51.000       3.6903
  52.000       2.3740
  53.000       3.8963
  54.000       4.9694
  55.000       6.3395
  56.000       7.5264
  57.000       8.6706
  58.000      11.4682
  59.000      12.4584
