#Res        AtomicFlx
   1.000       7.7842
   2.000       6.2258
   3.000       4.3268
   4.000       1.9481
   5.000       0.9304
   6.000       0.7307
   7.000       0.5052
   8.000       0.9406
   9.000       0.9651
  10.000       0.7999
  11.000       0.5067
  12.000       1.2541
  13.000       1.6081
  14.000       1.2181
  15.000       0.6183
  16.000       0.8967
  17.000       0.7689
  18.000       1.0604
  19.000       0.5338
  20.000       0.5066
  21.000       0.7327
  22.000       1.1652
  23.000       0.8674
  24.000       0.8173
  25.000       0.9724
  26.000       1.1755
  27.000       1.0451
  28.000       0.7874
  29.000       0.5788
  30.000       0.5230
  31.000       0.8198
  32.000       0.9757
  33.000       0.4402
  34.000       0.5542
  35.000       1.2220
  36.000       0.6541
  37.000       0.7041
  38.000       0.7979
  39.000       1.2597
  40.000       0.5444
  41.000       0.9350
  42.000       0.7981
  43.000       1.0894
  44.000       1.4906
  45.000       2.4018
  46.000       3.0845
  47.000       3.3841
  48.000       2.9317
  49.000       2.5177
  50.000       1.2797
  51.000       2.3290
  52.000       0.8333
  53.000       1.0978
  54.000       1.0275
  55.000       1.1975
  56.000       2.1707
  57.000       2.5772
  58.000       3.6361
  59.000       4.3809
