#Res        AtomicFlx
   1.000       7.6351
   2.000       6.1438
   3.000       4.2143
   4.000       1.7999
   5.000       0.9486
   6.000       0.7529
   7.000       0.4953
   8.000       0.9555
   9.000       1.0079
  10.000       0.8266
  11.000       0.5515
  12.000       1.3080
  13.000       1.6407
  14.000       1.4128
  15.000       0.6834
  16.000       0.9871
  17.000       0.8089
  18.000       1.1293
  19.000       0.5531
  20.000       0.5096
  21.000       0.7470
  22.000       1.1984
  23.000       0.8724
  24.000       0.8299
  25.000       0.9541
  26.000       1.1765
  27.000       1.1274
  28.000       0.8216
  29.000       0.6113
  30.000       0.5831
  31.000       0.8731
  32.000       1.0060
  33.000       0.4759
  34.000       0.5924
  35.000       1.2489
  36.000       0.7320
  37.000       0.8565
  38.000       0.8224
  39.000       1.1833
  40.000       0.5655
  41.000       0.9181
  42.000       0.7995
  43.000       1.1046
  44.000       1.6342
  45.000       2.3189
  46.000       3.0368
  47.000       3.2009
  48.000       2.5532
  49.000       2.2510
  50.000       1.2108
  51.000       2.3475
  52.000       0.8312
  53.000       1.1405
  54.000       0.9929
  55.000       1.1381
  56.000       2.0926
  57.000       2.4488
  58.000       3.1414
  59.000       3.8693
