#Res        AtomicFlx
  60.000       7.1947
  61.000       5.9521
  62.000       3.9066
  63.000       1.6565
  64.000       0.9206
  65.000       0.7575
  66.000       0.4799
  67.000       0.9185
  68.000       0.9644
  69.000       0.7642
  70.000       0.5442
  71.000       1.2827
  72.000       1.6081
  73.000       1.3435
  74.000       0.6642
  75.000       1.0745
  76.000       0.8111
  77.000       1.1055
  78.000       0.5203
  79.000       0.4913
  80.000       0.6899
  81.000       1.1336
  82.000       0.8042
  83.000       0.7588
  84.000       0.9065
  85.000       1.1720
  86.000       1.1610
  87.000       0.8410
  88.000       0.6160
  89.000       0.5844
  90.000       0.9299
  91.000       1.0457
  92.000       0.5412
  93.000       0.6463
  94.000       1.3723
  95.000       0.8122
  96.000       0.8338
  97.000       1.1262
  98.000       1.2704
  99.000       0.5913
 100.000       0.9739
 101.000       0.7639
 102.000       1.0583
 103.000       1.4281
 104.000       2.3520
 105.000       2.6498
 106.000       3.1157
 107.000       2.5095
 108.000       2.1959
 109.000       1.1946
 110.000       2.2989
 111.000       0.7977
 112.000       1.1414
 113.000       1.1217
 114.000       1.4089
 115.000       2.3479
 116.000       2.7872
 117.000       3.5050
 118.000       4.2355
