#Frame   AVERAGE_00010 AVERAGE_00010[SD]
       1        7.2814            0.3293
       2        5.7764            0.3852
       3        3.9548            0.2396
       4        1.7571            0.1163
       5        0.9149            0.0303
       6        0.7642            0.0371
       7        0.5038            0.0164
       8        0.9622            0.0334
       9        0.9831            0.0209
      10        0.7596            0.0777
      11        0.5411            0.0241
      12        1.2875            0.0251
      13        1.5920            0.0266
      14        1.2898            0.0884
      15        0.6713            0.0404
      16        1.0423            0.1173
      17        0.8472            0.0962
      18        1.1053            0.0564
      19        0.5406            0.0145
      20        0.5003            0.0051
      21        0.7168            0.0203
      22        1.1604            0.0295
      23        0.8348            0.0382
      24        0.7913            0.0419
      25        0.9339            0.0373
      26        1.1655            0.0199
      27        1.1257            0.0488
      28        0.8318            0.0220
      29        0.6121            0.0202
      30        0.5810            0.0255
      31        0.9002            0.0457
      32        1.0279            0.0325
      33        0.5300            0.0446
      34        0.6504            0.0490
      35        1.3403            0.0620
      36        0.8121            0.0758
      37        0.9147            0.1175
      38        1.0547            0.1108
      39        1.2786            0.0253
      40        0.5924            0.0281
      41        0.9624            0.0383
      42        0.7697            0.0240
      43        1.0336            0.0447
      44        1.4330            0.0586
      45        2.2130            0.1591
      46        2.7834            0.1413
      47        3.2517            0.1800
      48        2.6255            0.2128
      49        2.2769            0.2023
      50        1.2168            0.0498
      51        2.2690            0.0372
      52        0.7954            0.0215
      53        1.1104            0.0319
      54        1.0744            0.0508
      55        1.2720            0.0871
      56        2.2407            0.0715
      57        2.6759            0.0929
      58        3.6000            0.1090
      59        4.3157            0.1269
