#Res        AtomicFlx
  60.000       6.9538
  61.000       5.1500
  62.000       3.5906
  63.000       1.7165
  64.000       0.8660
  65.000       0.7097
  66.000       0.4939
  67.000       0.9257
  68.000       0.9639
  69.000       0.6999
  70.000       0.4963
  71.000       1.2431
  72.000       1.5643
  73.000       1.1233
  74.000       0.6045
  75.000       0.8736
  76.000       0.7747
  77.000       1.0253
  78.000       0.5280
  79.000       0.5014
  80.000       0.7284
  81.000       1.1380
  82.000       0.8718
  83.000       0.8242
  84.000       0.9758
  85.000       1.1607
  86.000       1.0452
  87.000       0.7908
  88.000       0.5761
  89.000       0.5421
  90.000       0.8225
  91.000       0.9776
  92.000       0.4524
  93.000       0.5618
  94.000       1.2242
  95.000       0.6696
  96.000       0.7471
  97.000       0.8385
  98.000       1.2478
  99.000       0.5418
 100.000       0.9183
 101.000       0.7616
 102.000       0.9936
 103.000       1.3805
 104.000       2.1562
 105.000       2.7958
 106.000       3.2674
 107.000       2.8629
 108.000       2.5133
 109.000       1.1924
 110.000       2.2406
 111.000       0.7680
 112.000       1.0688
 113.000       1.0112
 114.000       1.1865
 115.000       2.1244
 116.000       2.5148
 117.000       3.5476
 118.000       4.1924
