#Res        AtomicFlx
  60.000       7.7876
  61.000       6.3310
  62.000       4.3348
  63.000       1.7164
  64.000       0.9032
  65.000       0.7445
  66.000       0.5050
  67.000       0.9970
  68.000       0.9854
  69.000       0.6495
  70.000       0.5408
  71.000       1.2974
  72.000       1.6352
  73.000       1.3294
  74.000       0.6674
  75.000       0.9506
  76.000       0.7722
  77.000       1.0712
  78.000       0.5437
  79.000       0.5071
  80.000       0.7453
  81.000       1.2155
  82.000       0.8904
  83.000       0.8573
  84.000       0.9829
  85.000       1.1975
  86.000       1.0950
  87.000       0.8405
  88.000       0.6142
  89.000       0.5883
  90.000       0.8755
  91.000       1.0054
  92.000       0.5331
  93.000       0.6638
  94.000       1.3309
  95.000       0.8851
  96.000       1.0852
  97.000       1.0668
  98.000       1.3181
  99.000       0.5919
 100.000       0.9596
 101.000       0.8141
 102.000       1.1100
 103.000       1.5462
 104.000       2.4441
 105.000       3.0491
 106.000       3.4307
 107.000       2.8851
 108.000       2.5223
 109.000       1.3100
 110.000       2.2905
 111.000       0.8316
 112.000       1.1171
 113.000       1.0642
 114.000       1.2230
 115.000       2.2289
 116.000       2.6436
 117.000       3.7700
 118.000       4.4566
