#Res        AtomicFlx
   1.000       7.7398
   2.000       6.0372
   3.000       4.0869
   4.000       1.7869
   5.000       0.9079
   6.000       0.7697
   7.000       0.5035
   8.000       0.9414
   9.000       0.9911
  10.000       0.7796
  11.000       0.5530
  12.000       1.3117
  13.000       1.6164
  14.000       1.2425
  15.000       0.6706
  16.000       1.0032
  17.000       0.8134
  18.000       1.0888
  19.000       0.5427
  20.000       0.4953
  21.000       0.7181
  22.000       1.1981
  23.000       0.8615
  24.000       0.8067
  25.000       0.9208
  26.000       1.1694
  27.000       1.1143
  28.000       0.8214
  29.000       0.5996
  30.000       0.5584
  31.000       0.8923
  32.000       1.0073
  33.000       0.4495
  34.000       0.5941
  35.000       1.2170
  36.000       0.6670
  37.000       0.7014
  38.000       0.7412
  39.000       1.1840
  40.000       0.5678
  41.000       0.9200
  42.000       0.7706
  43.000       1.0970
  44.000       1.6062
  45.000       2.3243
  46.000       2.9957
  47.000       2.9914
  48.000       2.3927
  49.000       2.1822
  50.000       1.4589
  51.000       2.3701
  52.000       0.7644
  53.000       1.0704
  54.000       0.9887
  55.000       1.1862
  56.000       2.1659
  57.000       2.5797
  58.000       3.3796
  59.000       4.0850
