#Res        AtomicFlx
  60.000       6.9466
  61.000       5.6711
  62.000       4.0306
  63.000       1.7110
  64.000       0.9265
  65.000       0.7948
  66.000       0.5117
  67.000       0.9779
  68.000       0.9803
  69.000       0.8209
  70.000       0.5623
  71.000       1.2954
  72.000       1.5850
  73.000       1.2804
  74.000       0.7274
  75.000       1.2054
  76.000       1.0319
  77.000       1.1924
  78.000       0.5522
  79.000       0.5017
  80.000       0.7223
  81.000       1.1512
  82.000       0.8032
  83.000       0.7632
  84.000       0.8977
  85.000       1.1361
  86.000       1.1501
  87.000       0.8308
  88.000       0.6151
  89.000       0.5700
  90.000       0.9243
  91.000       1.0409
  92.000       0.5319
  93.000       0.6703
  94.000       1.3754
  95.000       0.8277
  96.000       0.9875
  97.000       1.1030
  98.000       1.2608
  99.000       0.6217
 100.000       0.9319
 101.000       0.7415
 102.000       1.0083
 103.000       1.4092
 104.000       2.0834
 105.000       2.6918
 106.000       2.9884
 107.000       2.3436
 108.000       2.1038
 109.000       1.2214
 110.000       2.3048
 111.000       0.7803
 112.000       1.0781
 113.000       1.0316
 114.000       1.2018
 115.000       2.2416
 116.000       2.7304
 117.000       3.6847
 118.000       4.4830
