#Frame   AVERAGE_00010 AVERAGE_00010[SD]
       1        7.2247            0.9965
       2        5.8258            0.7806
       3        4.0055            0.4614
       4        1.8140            0.0746
       5        0.9571            0.0385
       6        0.7698            0.0267
       7        0.5148            0.0182
       8        0.9568            0.0156
       9        0.9927            0.0148
      10        0.8509            0.0661
      11        0.5574            0.0340
      12        1.3027            0.0250
      13        1.6345            0.0240
      14        1.3752            0.1243
      15        0.6936            0.0589
      16        0.9746            0.0394
      17        0.7947            0.0174
      18        1.0899            0.0237
      19        0.5604            0.0292
      20        0.5075            0.0105
      21        0.7359            0.0161
      22        1.1997            0.0330
      23        0.8739            0.0362
      24        0.8209            0.0268
      25        0.9491            0.0308
      26        1.1736            0.0159
      27        1.0947            0.0281
      28        0.8062            0.0140
      29        0.5926            0.0115
      30        0.5610            0.0205
      31        0.8608            0.0238
      32        0.9904            0.0153
      33        0.4546            0.0117
      34        0.5832            0.0149
      35        1.2299            0.0115
      36        0.6811            0.0267
      37        0.7420            0.0598
      38        0.7831            0.0367
      39        1.2147            0.0491
      40        0.5664            0.0143
      41        0.9281            0.0084
      42        0.8365            0.0866
      43        1.2362            0.2173
      44        1.6927            0.2096
      45        2.4455            0.2435
      46        3.0048            0.0822
      47        3.4748            0.5201
      48        2.9757            0.7795
      49        2.7538            0.9699
      50        1.6386            0.7087
      51        2.5651            0.4210
      52        0.8426            0.0707
      53        1.0998            0.0251
      54        0.9966            0.0198
      55        1.1691            0.0208
      56        2.1445            0.0622
      57        2.5489            0.1031
      58        3.4562            0.2080
      59        4.1868            0.2328
