#Res        AtomicFlx
   1.000       7.7303
   2.000       6.4357
   3.000       4.3014
   4.000       1.8152
   5.000       0.9811
   6.000       0.8072
   7.000       0.5238
   8.000       0.9828
   9.000       0.9995
  10.000       0.8863
  11.000       0.5624
  12.000       1.3141
  13.000       1.6305
  14.000       1.4715
  15.000       0.6974
  16.000       0.9890
  17.000       0.7793
  18.000       1.0988
  19.000       0.5556
  20.000       0.5000
  21.000       0.7209
  22.000       1.1761
  23.000       0.8285
  24.000       0.7849
  25.000       0.9080
  26.000       1.1486
  27.000       1.0977
  28.000       0.7937
  29.000       0.5861
  30.000       0.5707
  31.000       0.8610
  32.000       0.9930
  33.000       0.4529
  34.000       0.5912
  35.000       1.2369
  36.000       0.6748
  37.000       0.7014
  38.000       0.7373
  39.000       1.1602
  40.000       0.5649
  41.000       0.9275
  42.000       0.8063
  43.000       1.2322
  44.000       1.6341
  45.000       2.2585
  46.000       2.8509
  47.000       3.3176
  48.000       2.5089
  49.000       2.1423
  50.000       1.1998
  51.000       2.3725
  52.000       0.8092
  53.000       1.1125
  54.000       0.9677
  55.000       1.1605
  56.000       2.2346
  57.000       2.7117
  58.000       3.7301
  59.000       4.5193
