#Res        AtomicFlx
   1.000       5.2340
   2.000       4.2867
   3.000       3.0981
   4.000       1.7197
   5.000       1.0173
   6.000       0.7883
   7.000       0.5460
   8.000       0.9635
   9.000       1.0000
  10.000       0.9619
  11.000       0.6135
  12.000       1.3257
  13.000       1.6770
  14.000       1.5311
  15.000       0.7985
  16.000       0.9969
  17.000       0.8029
  18.000       1.0721
  19.000       0.6167
  20.000       0.5259
  21.000       0.7609
  22.000       1.2605
  23.000       0.9395
  24.000       0.8655
  25.000       0.9900
  26.000       1.1982
  27.000       1.0889
  28.000       0.8069
  29.000       0.5874
  30.000       0.5698
  31.000       0.8577
  32.000       0.9698
  33.000       0.4545
  34.000       0.5843
  35.000       1.2247
  36.000       0.6776
  37.000       0.7465
  38.000       0.8165
  39.000       1.2864
  40.000       0.5896
  41.000       0.9400
  42.000       1.0080
  43.000       1.6579
  44.000       2.0982
  45.000       2.9239
  46.000       3.0560
  47.000       4.4801
  48.000       4.4922
  49.000       4.6759
  50.000       3.0438
  51.000       3.4066
  52.000       0.9750
  53.000       1.0780
  54.000       1.0060
  55.000       1.1634
  56.000       2.0586
  57.000       2.4271
  58.000       3.3940
  59.000       4.0795
