#Res        AtomicFlx
  60.000       7.5244
  61.000       5.7777
  62.000       3.9115
  63.000       1.9853
  64.000       0.9584
  65.000       0.8145
  66.000       0.5285
  67.000       0.9919
  68.000       1.0213
  69.000       0.8633
  70.000       0.5620
  71.000       1.3190
  72.000       1.5675
  73.000       1.3722
  74.000       0.6931
  75.000       1.1076
  76.000       0.8463
  77.000       1.1323
  78.000       0.5590
  79.000       0.5002
  80.000       0.6980
  81.000       1.1637
  82.000       0.8045
  83.000       0.7529
  84.000       0.9066
  85.000       1.1612
  86.000       1.1773
  87.000       0.8557
  88.000       0.6389
  89.000       0.6204
  90.000       0.9487
  91.000       1.0700
  92.000       0.5915
  93.000       0.7100
  94.000       1.3988
  95.000       0.8658
  96.000       0.9199
  97.000       1.1389
  98.000       1.2961
  99.000       0.6153
 100.000       1.0282
 101.000       0.7676
 102.000       0.9977
 103.000       1.4011
 104.000       2.0293
 105.000       2.7303
 106.000       3.4562
 107.000       2.5266
 108.000       2.0490
 109.000       1.1656
 110.000       2.2102
 111.000       0.7993
 112.000       1.1467
 113.000       1.1434
 114.000       1.3397
 115.000       2.2605
 116.000       2.7034
 117.000       3.4927
 118.000       4.2109
