#Res        AtomicFlx
 124.000       7.3023
 125.000       5.3635
 126.000       3.0097
 127.000       1.7361
 128.000       0.8029
 129.000       0.7272
 130.000       0.4735
 131.000       0.9093
 132.000       0.9438
 133.000       0.7678
 134.000       0.4414
 135.000       1.2314
 136.000       1.4251
 137.000       1.3012
 138.000       0.5353
 139.000       0.6317
 140.000       0.5219
 141.000       0.9783
 142.000       0.4578
 143.000       0.3914
 144.000       0.5473
 145.000       0.9826
 146.000       0.6349
 147.000       0.6261
 148.000       0.6898
 149.000       0.9847
 150.000       1.0255
 151.000       0.6711
 152.000       0.4908
 153.000       0.4817
 154.000       0.5320
 155.000       0.7531
 156.000       0.3918
 157.000       0.5447
 158.000       1.4170
 159.000       0.6041
 160.000       0.6229
 161.000       0.5854
 162.000       0.9630
 163.000       0.5012
 164.000       0.8239
 165.000       0.6357
 166.000       0.8539
 167.000       1.0432
 168.000       1.4710
 169.000       1.8610
 170.000       1.9285
 171.000       1.4679
 172.000       1.2194
 173.000       0.9523
 174.000       1.9853
 175.000       0.6675
 176.000       1.0477
 177.000       0.8424
 178.000       0.8678
 179.000       1.3228
 180.000       1.4297
 181.000       1.5913
 182.000       2.0169
