#Res        AtomicFlx
 124.000       7.9479
 125.000       6.2540
 126.000       3.9880
 127.000       1.7121
 128.000       0.8696
 129.000       0.7135
 130.000       0.4525
 131.000       0.8768
 132.000       0.9430
 133.000       0.6759
 134.000       0.4654
 135.000       1.2596
 136.000       1.6124
 137.000       1.4428
 138.000       0.5542
 139.000       0.5809
 140.000       0.4932
 141.000       0.9886
 142.000       0.4754
 143.000       0.4000
 144.000       0.5755
 145.000       1.0263
 146.000       0.6438
 147.000       0.6413
 148.000       0.6880
 149.000       0.9754
 150.000       0.6642
 151.000       0.6339
 152.000       0.4709
 153.000       0.4411
 154.000       0.5094
 155.000       0.7127
 156.000       0.3890
 157.000       0.4910
 158.000       1.3459
 159.000       0.5800
 160.000       0.6047
 161.000       0.5633
 162.000       0.9943
 163.000       0.5120
 164.000       0.8557
 165.000       0.7115
 166.000       1.1290
 167.000       1.6020
 168.000       2.3046
 169.000       2.9026
 170.000       3.0628
 171.000       2.3660
 172.000       1.8887
 173.000       1.0888
 174.000       2.2544
 175.000       0.6548
 176.000       0.9340
 177.000       0.8236
 178.000       0.9104
 179.000       1.3116
 180.000       1.3577
 181.000       1.4892
 182.000       1.8393
