#Res        AtomicFlx
  65.000       8.3222
  66.000       6.5067
  67.000       4.4753
  68.000       1.7947
  69.000       0.8517
  70.000       0.6855
  71.000       0.4318
  72.000       0.8189
  73.000       0.8993
  74.000       0.6209
  75.000       0.4288
  76.000       1.2207
  77.000       1.5441
  78.000       1.2464
  79.000       0.4466
  80.000       0.4459
  81.000       0.4451
  82.000       0.9277
  83.000       0.4392
  84.000       0.3779
  85.000       0.5224
  86.000       0.9562
  87.000       0.6022
  88.000       0.5798
  89.000       0.6451
  90.000       0.9132
  91.000       0.4573
  92.000       0.5673
  93.000       0.4219
  94.000       0.4194
  95.000       0.4534
  96.000       0.5853
  97.000       0.3702
  98.000       0.4619
  99.000       1.2750
 100.000       0.5382
 101.000       0.5639
 102.000       0.5194
 103.000       0.9137
 104.000       0.4838
 105.000       0.8445
 106.000       0.6955
 107.000       0.9772
 108.000       1.4292
 109.000       2.4404
 110.000       3.0674
 111.000       3.8536
 112.000       2.5552
 113.000       2.1748
 114.000       1.1597
 115.000       2.2784
 116.000       0.6597
 117.000       0.9755
 118.000       0.7855
 119.000       0.8754
 120.000       1.3206
 121.000       1.3833
 122.000       1.4916
 123.000       1.8796
