#Frame   AVERAGE_00010 AVERAGE_00010[SD]
       1        8.0114            0.2643
       2        6.2078            0.2513
       3        4.2769            0.1663
       4        1.7635            0.0703
       5        0.8658            0.0153
       6        0.7046            0.0126
       7        0.4443            0.0081
       8        0.8613            0.0278
       9        0.9130            0.0107
      10        0.6772            0.0799
      11        0.4347            0.0103
      12        1.2194            0.0207
      13        1.5762            0.0475
      14        1.3471            0.1925
      15        0.4631            0.0219
      16        0.4753            0.0263
      17        0.4547            0.0102
      18        0.9415            0.0134
      19        0.4398            0.0154
      20        0.3791            0.0034
      21        0.5279            0.0119
      22        0.9603            0.0403
      23        0.5988            0.0168
      24        0.5829            0.0237
      25        0.6440            0.0084
      26        0.9141            0.0232
      27        0.4839            0.0322
      28        0.5696            0.0054
      29        0.4344            0.0123
      30        0.4268            0.0080
      31        0.4557            0.0331
      32        0.6533            0.1138
      33        0.3990            0.0267
      34        0.4991            0.0342
      35        1.2205            0.2166
      36        0.6894            0.1386
      37        0.7649            0.2296
      38        0.5922            0.0670
      39        1.0001            0.0699
      40        0.5051            0.0194
      41        0.8566            0.0147
      42        0.6953            0.0136
      43        0.9874            0.0683
      44        1.3442            0.1497
      45        2.1642            0.3312
      46        2.7198            0.3694
      47        3.1107            0.6218
      48        2.2669            0.3039
      49        1.9168            0.2726
      50        1.0598            0.0703
      51        2.2131            0.0644
      52        0.6448            0.0316
      53        0.9703            0.0312
      54        0.8278            0.0729
      55        0.9448            0.0570
      56        1.3482            0.0402
      57        1.3734            0.0638
      58        1.5540            0.1020
      59        1.8941            0.0937
