#Res        AtomicFlx
  65.000       8.3390
  66.000       6.5195
  67.000       4.4636
  68.000       1.7864
  69.000       0.8676
  70.000       0.7014
  71.000       0.4540
  72.000       0.8866
  73.000       0.9180
  74.000       0.6788
  75.000       0.4240
  76.000       1.1870
  77.000       1.6702
  78.000       1.5623
  79.000       0.4431
  80.000       0.5112
  81.000       0.4701
  82.000       0.9230
  83.000       0.4126
  84.000       0.3766
  85.000       0.5145
  86.000       0.8875
  87.000       0.5774
  88.000       0.5501
  89.000       0.6345
  90.000       0.9489
  91.000       0.5067
  92.000       0.5651
  93.000       0.4579
  94.000       0.4151
  95.000       0.4001
  96.000       0.8766
  97.000       0.4393
  98.000       0.4986
  99.000       0.8259
 100.000       0.9007
 101.000       0.6583
 102.000       0.6930
 103.000       1.1122
 104.000       0.5235
 105.000       0.8809
 106.000       0.6883
 107.000       0.8661
 108.000       1.0926
 109.000       1.7453
 110.000       2.1837
 111.000       2.3079
 112.000       1.7629
 113.000       1.4351
 114.000       0.9706
 115.000       2.0975
 116.000       0.5856
 117.000       0.9514
 118.000       0.9728
 119.000       0.9815
 120.000       1.3376
 121.000       1.3025
 122.000       1.4333
 123.000       1.7829
