#Res        AtomicFlx
  65.000       7.8099
  66.000       6.0030
  67.000       4.0501
  68.000       1.6642
  69.000       0.8499
  70.000       0.7118
  71.000       0.4463
  72.000       0.8468
  73.000       0.9060
  74.000       0.6336
  75.000       0.4264
  76.000       1.2101
  77.000       1.5619
  78.000       1.2716
  79.000       0.4461
  80.000       0.4472
  81.000       0.4428
  82.000       0.9512
  83.000       0.4380
  84.000       0.3794
  85.000       0.5199
  86.000       0.9749
  87.000       0.5864
  88.000       0.5710
  89.000       0.6416
  90.000       0.9280
  91.000       0.4554
  92.000       0.5780
  93.000       0.4296
  94.000       0.4306
  95.000       0.4462
  96.000       0.5742
  97.000       0.3805
  98.000       0.4667
  99.000       1.2009
 100.000       0.5887
 101.000       0.7391
 102.000       0.5536
 103.000       0.9711
 104.000       0.4949
 105.000       0.8422
 106.000       0.6935
 107.000       1.0110
 108.000       1.2652
 109.000       1.9074
 110.000       2.4395
 111.000       2.6728
 112.000       2.0975
 113.000       1.8120
 114.000       1.0093
 115.000       2.2674
 116.000       0.6396
 117.000       0.9273
 118.000       0.7960
 119.000       0.8775
 120.000       1.3065
 121.000       1.3298
 122.000       1.5845
 123.000       1.8375
