#Res        AtomicFlx
  65.000       7.8608
  66.000       6.0546
  67.000       4.1957
  68.000       1.7076
  69.000       0.8673
  70.000       0.7234
  71.000       0.4507
  72.000       0.8581
  73.000       0.9305
  74.000       0.8312
  75.000       0.4470
  76.000       1.2491
  77.000       1.5592
  78.000       1.5750
  79.000       0.4897
  80.000       0.4980
  81.000       0.4616
  82.000       0.9508
  83.000       0.4528
  84.000       0.3854
  85.000       0.5473
  86.000       1.0094
  87.000       0.6266
  88.000       0.6216
  89.000       0.6594
  90.000       0.8814
  91.000       0.5362
  92.000       0.5639
  93.000       0.4302
  94.000       0.4340
  95.000       0.4923
  96.000       0.5918
  97.000       0.3833
  98.000       0.5120
  99.000       1.3268
 100.000       0.6160
 101.000       0.6525
 102.000       0.5453
 103.000       0.9598
 104.000       0.4905
 105.000       0.8495
 106.000       0.7201
 107.000       1.0739
 108.000       1.5180
 109.000       2.6387
 110.000       3.1612
 111.000       3.8185
 112.000       2.5640
 113.000       2.0175
 114.000       1.1212
 115.000       2.2024
 116.000       0.6722
 117.000       0.9758
 118.000       0.8031
 119.000       1.0115
 120.000       1.4219
 121.000       1.4883
 122.000       1.7327
 123.000       2.0611
