#Frame   AVERAGE_00010 AVERAGE_00010[SD]
       1        7.4284            0.5981
       2        5.7664            0.5535
       3        3.7144            0.4964
       4        1.7195            0.1250
       5        0.8290            0.0349
       6        0.7065            0.0258
       7        0.4575            0.0087
       8        0.9002            0.0398
       9        0.9391            0.0207
      10        0.7149            0.0712
      11        0.4529            0.0077
      12        1.2351            0.0133
      13        1.5498            0.0975
      14        1.4363            0.1845
      15        0.5252            0.0201
      16        0.6053            0.0263
      17        0.4995            0.0122
      18        0.9677            0.0141
      19        0.4534            0.0133
      20        0.3944            0.0030
      21        0.5496            0.0139
      22        0.9851            0.0210
      23        0.6187            0.0189
      24        0.6118            0.0186
      25        0.6807            0.0087
      26        0.9784            0.0069
      27        0.7507            0.1401
      28        0.6398            0.0276
      29        0.4783            0.0200
      30        0.4632            0.0222
      31        0.5194            0.0304
      32        0.7116            0.0332
      33        0.4141            0.0528
      34        0.5331            0.0642
      35        1.4745            0.1295
      36        0.6668            0.1713
      37        0.7320            0.2597
      38        0.6320            0.1220
      39        0.9972            0.0832
      40        0.5105            0.0148
      41        0.7572            0.0823
      42        0.6732            0.0321
      43        0.9616            0.0943
      44        1.2689            0.1851
      45        1.9169            0.2684
      46        2.4067            0.3318
      47        2.6294            0.3764
      48        2.0839            0.3265
      49        1.7592            0.3134
      50        1.0282            0.0463
      51        2.1477            0.0987
      52        0.6545            0.0235
      53        0.9757            0.0630
      54        0.8306            0.0121
      55        0.8891            0.0369
      56        1.2960            0.0625
      57        1.3753            0.0477
      58        1.5245            0.0490
      59        1.9033            0.0720
