#Res        AtomicFlx
  65.000       7.7250
  66.000       5.9552
  67.000       4.1997
  68.000       1.8645
  69.000       0.8926
  70.000       0.7011
  71.000       0.4387
  72.000       0.8959
  73.000       0.9111
  74.000       0.6215
  75.000       0.4475
  76.000       1.2303
  77.000       1.5457
  78.000       1.0804
  79.000       0.4900
  80.000       0.4743
  81.000       0.4541
  82.000       0.9550
  83.000       0.4562
  84.000       0.3761
  85.000       0.5355
  86.000       0.9737
  87.000       0.6016
  88.000       0.5920
  89.000       0.6394
  90.000       0.8991
  91.000       0.4637
  92.000       0.5735
  93.000       0.4326
  94.000       0.4348
  95.000       0.4865
  96.000       0.6386
  97.000       0.4219
  98.000       0.5561
  99.000       1.4737
 100.000       0.8035
 101.000       1.2105
 102.000       0.6498
 103.000       1.0438
 104.000       0.5328
 105.000       0.8661
 106.000       0.6792
 107.000       1.0087
 108.000       1.4158
 109.000       2.0890
 110.000       2.7473
 111.000       2.9006
 112.000       2.3549
 113.000       2.1447
 114.000       1.0382
 115.000       2.2196
 116.000       0.6667
 117.000       1.0213
 118.000       0.7818
 119.000       0.9781
 120.000       1.3545
 121.000       1.3630
 122.000       1.5280
 123.000       1.9094
