#Res        AtomicFlx
 124.000       8.2110
 125.000       6.5622
 126.000       4.4366
 127.000       1.7872
 128.000       0.8624
 129.000       0.7284
 130.000       0.4530
 131.000       0.8825
 132.000       0.9453
 133.000       0.7249
 134.000       0.4513
 135.000       1.2362
 136.000       1.6110
 137.000       1.6026
 138.000       0.5182
 139.000       0.5672
 140.000       0.4880
 141.000       0.9486
 142.000       0.4410
 143.000       0.3922
 144.000       0.5455
 145.000       0.9726
 146.000       0.5981
 147.000       0.6002
 148.000       0.6690
 149.000       0.9664
 150.000       0.6417
 151.000       0.5931
 152.000       0.4538
 153.000       0.4381
 154.000       0.4727
 155.000       0.6677
 156.000       0.3847
 157.000       0.4894
 158.000       1.5201
 159.000       0.5671
 160.000       0.5841
 161.000       0.5471
 162.000       0.9373
 163.000       0.4881
 164.000       0.7817
 165.000       0.7079
 166.000       0.9914
 167.000       1.2395
 168.000       1.8585
 169.000       2.4166
 170.000       2.6589
 171.000       2.0427
 172.000       1.6420
 173.000       1.0204
 174.000       2.2432
 175.000       0.6343
 176.000       0.9257
 177.000       0.8106
 178.000       0.8311
 179.000       1.1773
 180.000       1.3396
 181.000       1.4793
 182.000       1.8491
