#Res        AtomicFlx
 124.000       7.1557
 125.000       5.5617
 126.000       3.7889
 127.000       1.8683
 128.000       0.8323
 129.000       0.7057
 130.000       0.4594
 131.000       0.8594
 132.000       0.9628
 133.000       0.6014
 134.000       0.4514
 135.000       1.2206
 136.000       1.4400
 137.000       1.1689
 138.000       0.4930
 139.000       0.6288
 140.000       0.4916
 141.000       0.9624
 142.000       0.4546
 143.000       0.3943
 144.000       0.5333
 145.000       0.9718
 146.000       0.6196
 147.000       0.5935
 148.000       0.6855
 149.000       0.9806
 150.000       0.7058
 151.000       0.6364
 152.000       0.4657
 153.000       0.4603
 154.000       0.5661
 155.000       0.6819
 156.000       0.3852
 157.000       0.4864
 158.000       1.3835
 159.000       0.5743
 160.000       0.5976
 161.000       0.5903
 162.000       0.9336
 163.000       0.5205
 164.000       0.6858
 165.000       0.6407
 166.000       0.9193
 167.000       1.2827
 168.000       1.9961
 169.000       2.4808
 170.000       2.7408
 171.000       2.3035
 172.000       2.1454
 173.000       1.0619
 174.000       2.1048
 175.000       0.6908
 176.000       1.0570
 177.000       0.8416
 178.000       0.8971
 179.000       1.3622
 180.000       1.4330
 181.000       1.5770
 182.000       1.9602
