#Res        AtomicFlx
 124.000       6.5252
 125.000       5.0906
 126.000       3.3488
 127.000       1.4936
 128.000       0.7778
 129.000       0.6579
 130.000       0.4490
 131.000       0.9731
 132.000       0.9004
 133.000       0.8045
 134.000       0.4548
 135.000       1.2276
 136.000       1.6607
 137.000       1.6660
 138.000       0.5251
 139.000       0.6179
 140.000       0.5026
 141.000       0.9605
 142.000       0.4382
 143.000       0.3939
 144.000       0.5462
 145.000       0.9721
 146.000       0.5969
 147.000       0.5980
 148.000       0.6714
 149.000       0.9847
 150.000       0.7162
 151.000       0.6643
 152.000       0.5103
 153.000       0.4949
 154.000       0.5169
 155.000       0.7428
 156.000       0.5196
 157.000       0.6541
 158.000       1.7061
 159.000       1.0085
 160.000       1.2507
 161.000       0.8741
 162.000       1.1579
 163.000       0.5308
 164.000       0.6388
 165.000       0.6701
 166.000       0.9146
 167.000       1.1773
 168.000       1.9541
 169.000       2.3725
 170.000       2.7560
 171.000       2.2395
 172.000       1.9007
 173.000       1.0178
 174.000       2.1508
 175.000       0.6250
 176.000       0.9142
 177.000       0.8349
 178.000       0.9389
 179.000       1.3063
 180.000       1.3163
 181.000       1.4858
 182.000       1.8508
