#Res        AtomicFlx
   1.000       7.2129
   2.000       6.0149
   3.000       4.3296
   4.000       2.0686
   5.000       0.9753
   6.000       0.8355
   7.000       0.6131
   8.000       0.9923
   9.000       1.0191
  10.000       0.6241
  11.000       0.5390
  12.000       1.3026
  13.000       1.5833
  14.000       1.0985
  15.000       0.6561
  16.000       1.0505
  17.000       0.8796
  18.000       1.0451
  19.000       0.5740
  20.000       0.6031
  21.000       1.3636
  22.000       1.1792
  23.000       1.1491
  24.000       0.9727
  25.000       1.0797
  26.000       2.0991
  27.000       1.2792
  28.000       0.9880
  29.000       0.7878
  30.000       0.8245
  31.000       1.0690
  32.000       1.2100
  33.000       0.6666
  34.000       0.8587
  35.000       1.5848
  36.000       1.2454
  37.000       1.5616
  38.000       2.3203
  39.000       1.7443
  40.000       0.8560
  41.000       1.2219
  42.000       0.9476
  43.000       1.2469
  44.000       1.6680
  45.000       2.5886
  46.000       3.3468
  47.000       3.8742
  48.000       2.9556
  49.000       2.6346
  50.000       1.4780
  51.000       2.3020
  52.000       1.3948
  53.000       3.4225
  54.000       4.9727
  55.000       6.9010
  56.000      10.2262
  57.000      10.6970
  58.000      14.2927
  59.000      15.1574
  60.000      15.2014
  61.000      16.3110
  62.000      18.3228
  63.000      19.1344
  64.000      20.1130
  65.000      21.4973
  66.000      23.1878
