#Res        AtomicFlx
   1.000       6.3909
   2.000       5.2058
   3.000       2.8869
   4.000       1.7191
   5.000       0.7794
   6.000       0.8049
   7.000       0.5810
   8.000       1.0156
   9.000       0.9584
  10.000       0.5415
  11.000       0.5394
  12.000       1.2610
  13.000       1.4111
  14.000       0.9765
  15.000       0.6164
  16.000       1.0705
  17.000       0.8660
  18.000       1.0480
  19.000       0.6165
  20.000       0.5856
  21.000       1.3436
  22.000       1.1769
  23.000       1.1094
  24.000       0.8925
  25.000       0.9266
  26.000       2.0640
  27.000       1.2387
  28.000       0.9065
  29.000       0.6926
  30.000       0.7104
  31.000       1.0404
  32.000       1.1628
  33.000       0.6302
  34.000       0.7709
  35.000       1.4833
  36.000       1.0619
  37.000       1.4903
  38.000       2.1535
  39.000       1.7448
  40.000       1.0032
  41.000       1.1440
  42.000       0.8032
  43.000       1.0536
  44.000       1.3464
  45.000       2.5636
  46.000       3.0123
  47.000       3.8374
  48.000       2.5878
  49.000       2.2056
  50.000       1.5953
  51.000       2.3649
  52.000       1.7609
  53.000       3.2917
  54.000       3.8589
  55.000       6.3149
  56.000       8.5023
  57.000      10.6027
  58.000      13.4778
  59.000      15.0143
  60.000      13.9568
  61.000      15.1276
  62.000      16.4605
  63.000      17.4589
  64.000      16.4386
  65.000      17.0201
  66.000      18.3756
