#Res        AtomicFlx
   1.000       8.2994
   2.000       6.2921
   3.000       4.9537
   4.000       3.0533
   5.000       1.0642
   6.000       0.7604
   7.000       0.6049
   8.000       0.9844
   9.000       1.0707
  10.000       0.6141
  11.000       0.5340
  12.000       1.3061
  13.000       1.6304
  14.000       0.9722
  15.000       0.5997
  16.000       0.9823
  17.000       0.7633
  18.000       0.9448
  19.000       0.5296
  20.000       0.5162
  21.000       1.2153
  22.000       0.9608
  23.000       0.9042
  24.000       0.8484
  25.000       0.9175
  26.000       1.9154
  27.000       1.0999
  28.000       0.8845
  29.000       0.7186
  30.000       0.6463
  31.000       0.9667
  32.000       1.2127
  33.000       0.7204
  34.000       0.7944
  35.000       1.6082
  36.000       1.2386
  37.000       1.5206
  38.000       2.1423
  39.000       1.6246
  40.000       0.8781
  41.000       1.3669
  42.000       0.9462
  43.000       1.3117
  44.000       1.8846
  45.000       2.6434
  46.000       3.6407
  47.000       3.8348
  48.000       2.6896
  49.000       1.8718
  50.000       1.2066
  51.000       1.9110
  52.000       1.3048
  53.000       2.4937
  54.000       2.6949
  55.000       3.3647
  56.000       4.5342
  57.000       6.0848
  58.000       8.2367
  59.000       9.0927
  60.000       8.9213
  61.000      10.5154
  62.000      11.8803
  63.000      13.7219
  64.000      14.4997
  65.000      16.2755
  66.000      18.2199
