#Res        AtomicFlx
   1.000       7.8275
   2.000       6.1914
   3.000       4.2792
   4.000       2.2181
   5.000       1.1020
   6.000       0.9344
   7.000       0.6996
   8.000       1.1153
   9.000       1.1321
  10.000       0.9098
  11.000       0.6835
  12.000       1.4449
  13.000       1.7028
  14.000       1.1624
  15.000       0.8456
  16.000       1.4013
  17.000       1.1796
  18.000       1.2369
  19.000       0.7082
  20.000       0.7744
  21.000       1.5925
  22.000       1.3587
  23.000       1.3619
  24.000       1.2100
  25.000       1.2771
  26.000       3.4305
  27.000       3.8553
  28.000       2.4696
  29.000       1.9870
  30.000       1.8790
  31.000       2.0609
  32.000       1.4777
  33.000       0.8192
  34.000       1.6537
  35.000       2.4565
  36.000       1.8918
  37.000       1.8151
  38.000       2.0160
  39.000       1.7385
  40.000       0.9914
  41.000       1.3440
  42.000       1.0671
  43.000       1.4559
  44.000       1.8526
  45.000       2.6468
  46.000       3.5041
  47.000       3.6226
  48.000       3.1142
  49.000       2.7302
  50.000       1.6671
  51.000       2.6712
  52.000       1.5097
  53.000       2.9802
  54.000       3.5391
  55.000       6.1647
  56.000       7.9672
  57.000      10.7189
  58.000      13.9069
  59.000      14.7705
  60.000      13.6301
  61.000      15.0497
  62.000      16.5514
  63.000      17.5243
  64.000      18.0255
  65.000      19.2660
  66.000      20.7422
