#Res        AtomicFlx
   1.000       7.7348
   2.000       5.9773
   3.000       4.5381
   4.000       2.1783
   5.000       0.9862
   6.000       0.8380
   7.000       0.6377
   8.000       0.9825
   9.000       1.0101
  10.000       0.9021
  11.000       0.5540
  12.000       1.3008
  13.000       1.6100
  14.000       1.1082
  15.000       0.6588
  16.000       0.9827
  17.000       0.7955
  18.000       0.9719
  19.000       0.5698
  20.000       0.5327
  21.000       1.2144
  22.000       1.0817
  23.000       0.9701
  24.000       0.8400
  25.000       0.9474
  26.000       1.9814
  27.000       1.0969
  28.000       0.8729
  29.000       0.6709
  30.000       0.6338
  31.000       0.9605
  32.000       1.1564
  33.000       0.6973
  34.000       0.7629
  35.000       1.5019
  36.000       1.2199
  37.000       1.5465
  38.000       2.4053
  39.000       1.6225
  40.000       0.8556
  41.000       1.1521
  42.000       0.8626
  43.000       1.4274
  44.000       1.8804
  45.000       2.5985
  46.000       3.2896
  47.000       3.9314
  48.000       3.5303
  49.000       2.9285
  50.000       1.7531
  51.000       3.2047
  52.000       2.8924
  53.000       4.6758
  54.000       4.6677
  55.000       6.2824
  56.000       6.2933
  57.000       7.6047
  58.000       9.1178
  59.000       9.4736
  60.000       8.8141
  61.000      10.4257
  62.000      11.9606
  63.000      13.2384
  64.000      14.1206
  65.000      15.6667
  66.000      17.5396
