#Frame   AVERAGE_00010 AVERAGE_00010[SD]
       1        7.4931            0.6502
       2        5.9363            0.3829
       3        4.1975            0.6971
       4        2.2475            0.4396
       5        0.9814            0.1116
       6        0.8346            0.0572
       7        0.6273            0.0405
       8        1.0180            0.0500
       9        1.0381            0.0590
      10        0.7183            0.1558
      11        0.5700            0.0572
      12        1.3231            0.0631
      13        1.5875            0.0967
      14        1.0636            0.0760
      15        0.6753            0.0881
      16        1.0975            0.1560
      17        0.8968            0.1479
      18        1.0493            0.1021
      19        0.5996            0.0609
      20        0.6024            0.0918
      21        1.3459            0.1382
      22        1.1515            0.1308
      23        1.0989            0.1589
      24        0.9527            0.1370
      25        1.0297            0.1369
      26        2.2981            0.5698
      27        1.7140            1.0731
      28        1.2243            0.6239
      29        0.9714            0.5093
      30        0.9388            0.4749
      31        1.2195            0.4228
      32        1.2439            0.1192
      33        0.7067            0.0639
      34        0.9681            0.3444
      35        1.7269            0.3678
      36        1.3315            0.2881
      37        1.5868            0.1167
      38        2.2075            0.1383
      39        1.6949            0.0583
      40        0.9169            0.0663
      41        1.2458            0.0938
      42        0.9253            0.0893
      43        1.2991            0.1444
      44        1.7264            0.2061
      45        2.6082            0.0322
      46        3.3587            0.2124
      47        3.8201            0.1047
      48        2.9755            0.3345
      49        2.4741            0.3828
      50        1.5400            0.1895
      51        2.4908            0.4312
      52        1.7725            0.5805
      53        3.3728            0.7258
      54        3.9467            0.8140
      55        5.8055            1.2469
      56        7.5046            1.9446
      57        9.1416            1.9364
      58       11.8064            2.5830
      59       12.7017            2.7966
      60       12.1047            2.6948
      61       13.4859            2.5024
      62       15.0351            2.6285
      63       16.2156            2.3178
      64       16.6395            2.2338
      65       17.9451            2.1539
      66       19.6130            2.0893
