#Res        AtomicFlx
  67.000       8.3664
  68.000       6.5038
  69.000       4.4509
  70.000       1.9349
  71.000       0.9929
  72.000       0.8002
  73.000       0.5342
  74.000       0.9759
  75.000       1.0364
  76.000       0.5860
  77.000       0.5083
  78.000       1.2523
  79.000       1.5081
  80.000       1.0733
  81.000       0.6228
  82.000       0.9445
  83.000       0.7339
  84.000       0.8329
  85.000       0.4913
  86.000       0.4516
  87.000       1.0920
  88.000       0.8720
  89.000       0.7465
  90.000       0.6829
  91.000       0.8413
  92.000       1.8663
  93.000       1.0912
  94.000       0.7640
  95.000       0.5647
  96.000       0.5407
  97.000       0.8635
  98.000       1.0013
  99.000       0.4716
 100.000       0.6049
 101.000       1.2677
 102.000       0.7214
 103.000       0.8032
 104.000       1.1105
 105.000       1.2504
 106.000       0.5686
 107.000       0.9667
 108.000       0.8040
 109.000       1.0470
 110.000       1.2288
 111.000       1.8837
 112.000       2.4657
 113.000       2.7820
 114.000       2.0958
 115.000       1.7265
 116.000       1.0542
 117.000       2.2306
 118.000       0.7179
 119.000       1.0962
 120.000       1.0072
 121.000       1.1743
 122.000       2.1229
 123.000       2.5264
 124.000       3.4458
 125.000       4.0696
 126.000       4.4019
 127.000       6.1704
 128.000       7.9891
 129.000       9.3961
 130.000      11.0115
 131.000      12.9284
 132.000      15.1200
