#Res        AtomicFlx
  67.000       7.7929
  68.000       6.0292
  69.000       4.0839
  70.000       1.8489
  71.000       0.8912
  72.000       0.7325
  73.000       0.4951
  74.000       0.9573
  75.000       0.9452
  76.000       0.5579
  77.000       0.4989
  78.000       1.2543
  79.000       1.5774
  80.000       0.9054
  81.000       0.6126
  82.000       0.8912
  83.000       0.7097
  84.000       0.8272
  85.000       0.4715
  86.000       0.4462
  87.000       1.0792
  88.000       0.8616
  89.000       0.7082
  90.000       0.6754
  91.000       0.8388
  92.000       1.8751
  93.000       1.0542
  94.000       0.7570
  95.000       0.5577
  96.000       0.5353
  97.000       0.8262
  98.000       0.9797
  99.000       0.4547
 100.000       0.6045
 101.000       1.2454
 102.000       0.6910
 103.000       0.7507
 104.000       0.8158
 105.000       1.2144
 106.000       0.5276
 107.000       0.9226
 108.000       0.7586
 109.000       1.0079
 110.000       1.2462
 111.000       1.9438
 112.000       2.5147
 113.000       2.9680
 114.000       2.4933
 115.000       2.1871
 116.000       1.1067
 117.000       2.2588
 118.000       0.7421
 119.000       1.0894
 120.000       0.9840
 121.000       1.1723
 122.000       2.2066
 123.000       2.8096
 124.000       3.8831
 125.000       4.6237
 126.000       5.0287
 127.000       6.5539
 128.000       8.4313
 129.000      10.3135
 130.000      11.8099
 131.000      13.6578
 132.000      15.6985
