#Frame   AVERAGE_00010 AVERAGE_00010[SD]
       1        7.7531            0.2276
       2        6.0752            0.2621
       3        4.2965            0.3459
       4        1.9111            0.0886
       5        0.9589            0.0310
       6        0.7239            0.0172
       7        0.5012            0.0114
       8        0.9496            0.0138
       9        0.9933            0.0106
      10        0.5632            0.0297
      11        0.4885            0.0169
      12        1.2451            0.0154
      13        1.5365            0.0115
      14        0.9925            0.1085
      15        0.5689            0.0315
      16        0.8925            0.0378
      17        0.7193            0.0167
      18        0.8135            0.0364
      19        0.4696            0.0177
      20        0.4587            0.0134
      21        1.0828            0.0169
      22        0.8464            0.0472
      23        0.7446            0.0306
      24        0.6916            0.0372
      25        0.8590            0.0447
      26        1.8801            0.0522
      27        1.0600            0.0374
      28        0.7604            0.0221
      29        0.5615            0.0101
      30        0.5452            0.0204
      31        0.8368            0.0242
      32        0.9809            0.0068
      33        0.4339            0.0088
      34        0.5626            0.0146
      35        1.2065            0.0286
      36        0.6351            0.0174
      37        0.6637            0.0210
      38        0.7549            0.0514
      39        1.1802            0.0281
      40        0.5251            0.0036
      41        0.9207            0.0149
      42        0.7704            0.0261
      43        0.9534            0.0428
      44        1.2415            0.0581
      45        1.9573            0.0366
      46        2.5814            0.0540
      47        2.9714            0.2281
      48        2.2913            0.1371
      49        1.9250            0.0560
      50        1.0501            0.0240
      51        2.2486            0.0334
      52        0.7223            0.0265
      53        1.0839            0.0207
      54        0.9571            0.0453
      55        1.1505            0.0485
      56        2.1720            0.0453
      57        2.6841            0.0777
      58        3.7392            0.1376
      59        4.4167            0.1783
      60        4.6757            0.1410
      61        6.4674            0.1261
      62        7.9824            0.3050
      63        9.3230            0.6093
      64       10.5505            0.7826
      65       12.3093            0.9970
      66       14.4097            1.1439
