#Res        AtomicFlx
  67.000       7.9409
  68.000       6.0323
  69.000       4.1146
  70.000       1.8510
  71.000       0.9174
  72.000       0.7249
  73.000       0.5134
  74.000       0.9721
  75.000       0.9710
  76.000       0.5507
  77.000       0.5184
  78.000       1.2772
  79.000       1.5737
  80.000       1.0483
  81.000       0.6296
  82.000       0.9665
  83.000       0.7401
  84.000       0.8434
  85.000       0.4851
  86.000       0.4650
  87.000       1.1096
  88.000       0.8852
  89.000       0.7915
  90.000       0.7481
  91.000       0.8962
  92.000       1.9519
  93.000       1.0991
  94.000       0.8151
  95.000       0.5903
  96.000       0.5751
  97.000       0.9047
  98.000       1.0222
  99.000       0.4969
 100.000       0.6355
 101.000       1.2791
 102.000       0.7593
 103.000       0.8978
 104.000       1.2008
 105.000       1.3007
 106.000       0.5974
 107.000       0.9603
 108.000       0.7827
 109.000       0.9868
 110.000       1.3419
 111.000       2.1208
 112.000       2.7271
 113.000       3.4719
 114.000       2.7007
 115.000       2.2423
 116.000       1.1135
 117.000       2.2531
 118.000       0.7562
 119.000       1.1323
 120.000       1.0921
 121.000       1.3292
 122.000       2.3634
 123.000       2.9873
 124.000       4.0419
 125.000       4.8090
 126.000       5.0400
 127.000       6.7503
 128.000       8.6778
 129.000      10.3674
 130.000      11.9029
 131.000      13.8131
 132.000      15.8677
