#Res        AtomicFlx
   1.000       7.9848
   2.000       6.2784
   3.000       4.2031
   4.000       1.8707
   5.000       0.9708
   6.000       0.7444
   7.000       0.5016
   8.000       0.9484
   9.000       1.0035
  10.000       0.5687
  11.000       0.4778
  12.000       1.2363
  13.000       1.5481
  14.000       1.0199
  15.000       0.5507
  16.000       0.8571
  17.000       0.6992
  18.000       0.7699
  19.000       0.4508
  20.000       0.4375
  21.000       1.0568
  22.000       0.7744
  23.000       0.6846
  24.000       0.6182
  25.000       0.7722
  26.000       1.7849
  27.000       0.9990
  28.000       0.7169
  29.000       0.5427
  30.000       0.5749
  31.000       0.8111
  32.000       0.9766
  33.000       0.4236
  34.000       0.5568
  35.000       1.2058
  36.000       0.6148
  37.000       0.6354
  38.000       0.6740
  39.000       1.1314
  40.000       0.5228
  41.000       0.9203
  42.000       0.7576
  43.000       0.9227
  44.000       1.2007
  45.000       1.9147
  46.000       2.5395
  47.000       3.0244
  48.000       2.2468
  49.000       1.8515
  50.000       1.0064
  51.000       2.2316
  52.000       0.6797
  53.000       1.0557
  54.000       0.8722
  55.000       1.0635
  56.000       2.1030
  57.000       2.6166
  58.000       3.7583
  59.000       4.4639
  60.000       4.6327
  61.000       6.4383
  62.000       7.7663
  63.000       9.2881
  64.000      10.0775
  65.000      11.6107
  66.000      13.5640
