#Res        AtomicFlx
   1.000       7.9642
   2.000       6.1493
   3.000       4.5202
   4.000       1.9137
   5.000       0.9656
   6.000       0.7102
   7.000       0.5061
   8.000       0.9410
   9.000       1.0070
  10.000       0.5813
  11.000       0.4937
  12.000       1.2561
  13.000       1.5208
  14.000       1.0113
  15.000       0.5634
  16.000       0.8707
  17.000       0.7235
  18.000       0.8017
  19.000       0.4668
  20.000       0.4637
  21.000       1.0832
  22.000       0.8354
  23.000       0.7659
  24.000       0.6985
  25.000       0.8616
  26.000       1.8703
  27.000       1.0543
  28.000       0.7671
  29.000       0.5630
  30.000       0.5224
  31.000       0.8295
  32.000       0.9809
  33.000       0.4314
  34.000       0.5577
  35.000       1.2047
  36.000       0.6262
  37.000       0.6489
  38.000       0.7470
  39.000       1.1701
  40.000       0.5276
  41.000       0.9497
  42.000       0.7935
  43.000       0.9408
  44.000       1.2887
  45.000       2.0142
  46.000       2.6611
  47.000       2.6402
  48.000       2.1361
  49.000       1.8680
  50.000       1.0541
  51.000       2.2158
  52.000       0.7410
  53.000       1.1083
  54.000       0.9559
  55.000       1.1307
  56.000       2.1324
  57.000       2.5671
  58.000       3.4688
  59.000       4.0686
  60.000       4.4215
  61.000       6.2397
  62.000       7.9809
  63.000       9.4738
  64.000      10.8646
  65.000      12.4272
  66.000      14.5332
