#Res        AtomicFlx
  67.000       7.3828
  68.000       5.7124
  69.000       4.0376
  70.000       1.9497
  71.000       0.9436
  72.000       0.7407
  73.000       0.4983
  74.000       0.9762
  75.000       0.9703
  76.000       0.5594
  77.000       0.5176
  78.000       1.2753
  79.000       1.5933
  80.000       0.9776
  81.000       0.6312
  82.000       0.9367
  83.000       0.7219
  84.000       0.8220
  85.000       0.4843
  86.000       0.4545
  87.000       1.1009
  88.000       0.8701
  89.000       0.7483
  90.000       0.7412
  91.000       0.9078
  92.000       1.9707
  93.000       1.1075
  94.000       0.8034
  95.000       0.5888
  96.000       0.5433
  97.000       0.8696
  98.000       0.9914
  99.000       0.4896
 100.000       0.6175
 101.000       1.3128
 102.000       0.7798
 103.000       0.9494
 104.000       1.0392
 105.000       1.2421
 106.000       0.5643
 107.000       0.9286
 108.000       0.7761
 109.000       1.0356
 110.000       1.4035
 111.000       2.0199
 112.000       2.4941
 113.000       2.6543
 114.000       2.2441
 115.000       1.9446
 116.000       1.0613
 117.000       2.2048
 118.000       0.7307
 119.000       1.1184
 120.000       0.9981
 121.000       1.2023
 122.000       2.2373
 123.000       2.7054
 124.000       3.7602
 125.000       4.3598
 126.000       4.5269
 127.000       5.7617
 128.000       7.4345
 129.000       8.0122
 130.000       8.3458
 131.000       9.6134
 132.000      11.0356
