#Frame   AVERAGE_00010 AVERAGE_00010[SD]
       1        7.8848            0.3158
       2        6.0620            0.2531
       3        4.1603            0.1480
       4        1.8871            0.0453
       5        0.9325            0.0344
       6        0.7446            0.0284
       7        0.5109            0.0139
       8        0.9707            0.0069
       9        0.9788            0.0305
      10        0.5609            0.0130
      11        0.5123            0.0077
      12        1.2673            0.0114
      13        1.5652            0.0295
      14        1.0106            0.0615
      15        0.6252            0.0069
      16        0.9411            0.0276
      17        0.7291            0.0118
      18        0.8338            0.0086
      19        0.4835            0.0065
      20        0.4565            0.0075
      21        1.0983            0.0115
      22        0.8748            0.0092
      23        0.7572            0.0315
      24        0.7191            0.0328
      25        0.8761            0.0297
      26        1.9232            0.0435
      27        1.0902            0.0187
      28        0.7909            0.0253
      29        0.5784            0.0142
      30        0.5539            0.0175
      31        0.8737            0.0293
      32        1.0034            0.0168
      33        0.4819            0.0165
      34        0.6196            0.0138
      35        1.2768            0.0218
      36        0.7422            0.0318
      37        0.8598            0.0721
      38        1.0734            0.1424
      39        1.2617            0.0340
      40        0.5711            0.0258
      41        0.9477            0.0183
      42        0.7808            0.0146
      43        1.0128            0.0248
      44        1.3125            0.0654
      45        2.0178            0.0945
      46        2.5857            0.1165
      47        3.0696            0.3433
      48        2.4469            0.2431
      49        2.0686            0.2034
      50        1.0898            0.0264
      51        2.2401            0.0201
      52        0.7406            0.0148
      53        1.1137            0.0179
      54        1.0347            0.0474
      55        1.2415            0.0724
      56        2.2587            0.0933
      57        2.8032            0.1755
      58        3.8346            0.2214
      59        4.5342            0.2847
      60        4.8075            0.2829
      61        6.3973            0.3819
      62        8.2421            0.4758
      63        9.6913            0.9174
      64       10.9946            1.3661
      65       12.7652            1.6096
      66       14.7179            1.8615
