#Res        AtomicFlx
   1.000       7.7316
   2.000       6.1954
   3.000       4.5514
   4.000       2.0024
   5.000       0.9801
   6.000       0.7337
   7.000       0.5096
   8.000       0.9648
   9.000       0.9892
  10.000       0.5808
  11.000       0.5049
  12.000       1.2571
  13.000       1.5446
  14.000       1.0747
  15.000       0.6039
  16.000       0.9384
  17.000       0.7367
  18.000       0.8563
  19.000       0.4901
  20.000       0.4716
  21.000       1.1007
  22.000       0.8983
  23.000       0.7619
  24.000       0.7153
  25.000       0.8836
  26.000       1.9266
  27.000       1.0994
  28.000       0.7759
  29.000       0.5703
  30.000       0.5535
  31.000       0.8654
  32.000       0.9883
  33.000       0.4443
  34.000       0.5789
  35.000       1.2335
  36.000       0.6560
  37.000       0.6878
  38.000       0.8102
  39.000       1.1926
  40.000       0.5279
  41.000       0.9106
  42.000       0.7881
  43.000       1.0030
  44.000       1.2859
  45.000       1.9686
  46.000       2.5371
  47.000       2.9217
  48.000       2.2625
  49.000       1.9534
  50.000       1.0547
  51.000       2.2890
  52.000       0.7441
  53.000       1.0964
  54.000       0.9958
  55.000       1.1853
  56.000       2.2069
  57.000       2.7358
  58.000       3.8181
  59.000       4.4874
  60.000       4.7505
  61.000       6.5246
  62.000       8.3139
  63.000       9.8363
  64.000      11.2783
  65.000      13.3550
  66.000      15.6199
