#Res        AtomicFlx
   1.000       7.3533
   2.000       5.5576
   3.000       3.6566
   4.000       1.7665
   5.000       0.8980
   6.000       0.6977
   7.000       0.4792
   8.000       0.9292
   9.000       0.9778
  10.000       0.5046
  11.000       0.4612
  12.000       1.2187
  13.000       1.5243
  14.000       0.7821
  15.000       0.5225
  16.000       0.8579
  17.000       0.7003
  18.000       0.7834
  19.000       0.4503
  20.000       0.4490
  21.000       1.0725
  22.000       0.8254
  23.000       0.7485
  24.000       0.7107
  25.000       0.8940
  26.000       1.8921
  27.000       1.0479
  28.000       0.7661
  29.000       0.5614
  30.000       0.5219
  31.000       0.8128
  32.000       0.9706
  33.000       0.4260
  34.000       0.5406
  35.000       1.1552
  36.000       0.6226
  37.000       0.6585
  38.000       0.7333
  39.000       1.2142
  40.000       0.5191
  41.000       0.9124
  42.000       0.7249
  43.000       0.8974
  44.000       1.1464
  45.000       1.9202
  46.000       2.6320
  47.000       3.3491
  48.000       2.5486
  49.000       1.9986
  50.000       1.0804
  51.000       2.2178
  52.000       0.7027
  53.000       1.0629
  54.000       0.9656
  55.000       1.1877
  56.000       2.2109
  57.000       2.7654
  58.000       3.8328
  59.000       4.5764
  60.000       4.8233
  61.000       6.6098
  62.000       7.5368
  63.000       8.1805
  64.000       9.2540
  65.000      10.7988
  66.000      12.7117
