#Res        AtomicFlx
  65.000       7.0944
  66.000       5.3910
  67.000       3.6029
  68.000       1.6011
  69.000       0.8397
  70.000       0.7304
  71.000       0.4812
  72.000       0.9081
  73.000       0.9186
  74.000       0.6066
  75.000       0.4390
  76.000       1.2088
  77.000       1.5630
  78.000       0.9729
  79.000       0.5425
  80.000       0.5714
  81.000       0.5017
  82.000       0.9779
  83.000       0.4768
  84.000       0.3897
  85.000       1.0229
  86.000       0.9232
  87.000       0.6433
  88.000       0.6036
  89.000       0.6936
  90.000       1.1232
  91.000       0.4774
  92.000       0.5061
  93.000       0.4465
  94.000       0.4311
  95.000       0.4885
  96.000       0.7368
  97.000       0.3880
  98.000       0.4846
  99.000       1.2923
 100.000       0.5595
 101.000       0.5932
 102.000       1.0288
 103.000       1.0432
 104.000       0.4922
 105.000       0.8212
 106.000       0.6957
 107.000       1.0106
 108.000       1.2371
 109.000       1.8688
 110.000       2.4532
 111.000       2.7305
 112.000       1.9374
 113.000       1.5560
 114.000       0.9971
 115.000       2.2173
 116.000       0.6669
 117.000       0.9501
 118.000       1.0063
 119.000       1.0535
 120.000       1.4373
 121.000       1.6774
 122.000       1.8684
 123.000       2.1495
 124.000       2.8112
 125.000       4.3384
 126.000       6.1015
 127.000       7.4165
 128.000       8.5707
 129.000      10.1592
 130.000      11.9359
