#Res        AtomicFlx
  65.000       8.0608
  66.000       6.1547
  67.000       4.2790
  68.000       1.8127
  69.000       0.9307
  70.000       0.7314
  71.000       0.5035
  72.000       1.0868
  73.000       1.0039
  74.000       0.6959
  75.000       0.5109
  76.000       1.3134
  77.000       1.6040
  78.000       1.0919
  79.000       0.5860
  80.000       0.5588
  81.000       0.4860
  82.000       1.0820
  83.000       0.5232
  84.000       0.4082
  85.000       1.0791
  86.000       1.0426
  87.000       0.7059
  88.000       0.6808
  89.000       0.6754
  90.000       1.0032
  91.000       0.4932
  92.000       0.5368
  93.000       0.4610
  94.000       0.4260
  95.000       0.5704
  96.000       0.7605
  97.000       0.4359
  98.000       0.5800
  99.000       1.5773
 100.000       0.6341
 101.000       0.7522
 102.000       0.7915
 103.000       1.1052
 104.000       0.5730
 105.000       0.8907
 106.000       0.7772
 107.000       1.1901
 108.000       1.8735
 109.000       2.7246
 110.000       3.2790
 111.000       3.4111
 112.000       2.5241
 113.000       2.3684
 114.000       1.5318
 115.000       2.4145
 116.000       0.7119
 117.000       1.0402
 118.000       1.0337
 119.000       1.0512
 120.000       1.6030
 121.000       1.7806
 122.000       1.8620
 123.000       2.2996
 124.000       2.6168
 125.000       4.2984
 126.000       5.2487
 127.000       7.4621
 128.000       8.2581
 129.000      10.1012
 130.000      11.8186
