#Frame   AVERAGE_00010 AVERAGE_00010[SD]
       1        6.4337            1.0321
       2        4.9893            0.7721
       3        3.3074            0.3161
       4        1.6577            0.0917
       5        0.8642            0.0188
       6        0.7120            0.0370
       7        0.4917            0.0095
       8        0.9516            0.0257
       9        0.9643            0.0188
      10        0.6176            0.0580
      11        0.4691            0.0179
      12        1.2341            0.0168
      13        1.5941            0.0476
      14        1.0045            0.0496
      15        0.5943            0.0364
      16        0.7120            0.1049
      17        0.5760            0.0720
      18        0.9510            0.0506
      19        0.4834            0.0212
      20        0.4054            0.0260
      21        1.0221            0.0196
      22        0.9076            0.0628
      23        0.6661            0.0424
      24        0.6382            0.0424
      25        0.7479            0.0908
      26        1.3890            0.3730
      27        0.7595            0.2891
      28        0.6135            0.1112
      29        0.4998            0.0549
      30        0.4650            0.0394
      31        0.5483            0.0757
      32        0.8113            0.0646
      33        0.4189            0.0235
      34        0.5706            0.0953
      35        1.5222            0.0715
      36        0.6355            0.0856
      37        0.7264            0.2010
      38        0.6884            0.0539
      39        1.1039            0.0536
      40        0.4978            0.0197
      41        0.7818            0.0573
      42        0.7151            0.0203
      43        1.0128            0.0511
      44        1.2900            0.0970
      45        2.0000            0.1405
      46        2.5072            0.1461
      47        2.9341            0.3091
      48        2.2189            0.2372
      49        1.8452            0.2318
      50        1.0058            0.0400
      51        2.1758            0.0790
      52        0.6773            0.0200
      53        0.9749            0.0309
      54        0.9474            0.0323
      55        0.9986            0.0812
      56        1.3810            0.1160
      57        1.5768            0.1286
      58        1.8139            0.1312
      59        2.0978            0.2132
      60        2.6600            0.3316
      61        4.3312            0.3589
      62        5.8679            0.1967
      63        7.4190            0.2614
      64        8.8835            0.2226
      65       10.7446            0.3112
      66       12.8026            0.3347
