#Res        AtomicFlx
  65.000       7.7193
  66.000       6.2451
  67.000       4.4289
  68.000       1.9074
  69.000       0.9205
  70.000       0.7387
  71.000       0.4801
  72.000       0.8920
  73.000       0.9692
  74.000       0.6582
  75.000       0.4889
  76.000       1.2628
  77.000       1.5483
  78.000       1.1328
  79.000       0.5891
  80.000       0.6072
  81.000       0.4990
  82.000       1.0529
  83.000       0.5111
  84.000       0.4029
  85.000       1.0617
  86.000       1.0385
  87.000       0.6535
  88.000       0.6327
  89.000       0.6722
  90.000       1.0893
  91.000       0.5287
  92.000       0.5308
  93.000       0.4389
  94.000       0.4284
  95.000       0.5025
  96.000       0.6897
  97.000       0.3884
  98.000       0.5104
  99.000       1.2649
 100.000       0.5823
 101.000       0.6068
 102.000       0.5778
 103.000       1.0495
 104.000       0.4982
 105.000       0.8214
 106.000       0.7207
 107.000       1.0763
 108.000       1.5740
 109.000       2.2265
 110.000       2.6708
 111.000       3.0047
 112.000       2.2945
 113.000       2.0954
 114.000       1.2460
 115.000       2.4089
 116.000       0.7302
 117.000       1.0508
 118.000       0.8618
 119.000       1.0457
 120.000       1.4357
 121.000       1.5972
 122.000       1.7208
 123.000       2.0072
 124.000       2.3757
 125.000       3.7461
 126.000       5.1921
 127.000       6.6950
 128.000       7.7500
 129.000       9.3894
 130.000      11.4891
