#Res        AtomicFlx
 131.000       6.4751
 132.000       5.0232
 133.000       3.3770
 134.000       1.6761
 135.000       0.8518
 136.000       0.7350
 137.000       0.4864
 138.000       0.9333
 139.000       0.9662
 140.000       0.5787
 141.000       0.4481
 142.000       1.2059
 143.000       1.5708
 144.000       0.9707
 145.000       0.5785
 146.000       0.7094
 147.000       0.5378
 148.000       0.8866
 149.000       0.4563
 150.000       0.3798
 151.000       1.0013
 152.000       0.8429
 153.000       0.6098
 154.000       0.5675
 155.000       0.6537
 156.000       1.0288
 157.000       0.6403
 158.000       0.5052
 159.000       0.4637
 160.000       0.4417
 161.000       0.4821
 162.000       0.7609
 163.000       0.4004
 164.000       0.5007
 165.000       1.5489
 166.000       0.5632
 167.000       0.5877
 168.000       0.6525
 169.000       1.0230
 170.000       0.4768
 171.000       0.8347
 172.000       0.7024
 173.000       0.9699
 174.000       1.1449
 175.000       1.7559
 176.000       2.3299
 177.000       2.5885
 178.000       1.8721
 179.000       1.4761
 180.000       0.9272
 181.000       2.1628
 182.000       0.6398
 183.000       0.9428
 184.000       0.9679
 185.000       0.8743
 186.000       1.1886
 187.000       1.4212
 188.000       1.6613
 189.000       1.9370
 190.000       2.5443
 191.000       4.2406
 192.000       6.1293
 193.000       7.7754
 194.000       8.9863
 195.000      10.6463
 196.000      12.6025
