#Res        AtomicFlx
  65.000       5.5634
  66.000       4.7397
  67.000       3.0854
  68.000       1.5587
  69.000       0.8978
  70.000       0.7317
  71.000       0.4856
  72.000       0.9362
  73.000       0.9978
  74.000       0.6086
  75.000       0.4371
  76.000       1.2042
  77.000       1.5341
  78.000       1.1064
  79.000       0.5739
  80.000       0.6102
  81.000       0.5390
  82.000       0.9297
  83.000       0.4658
  84.000       0.3916
  85.000       1.0116
  86.000       0.8671
  87.000       0.6238
  88.000       0.5856
  89.000       0.6566
  90.000       0.8981
  91.000       0.4831
  92.000       0.5145
  93.000       0.4701
  94.000       0.4411
  95.000       0.4825
  96.000       0.6942
  97.000       0.3921
  98.000       0.5059
  99.000       1.5273
 100.000       0.5668
 101.000       0.6022
 102.000       0.7033
 103.000       1.0932
 104.000       0.4822
 105.000       0.7026
 106.000       0.7215
 107.000       1.0518
 108.000       1.1698
 109.000       1.8115
 110.000       2.3811
 111.000       2.7563
 112.000       2.0646
 113.000       1.7186
 114.000       0.9805
 115.000       2.1919
 116.000       0.6614
 117.000       0.9404
 118.000       0.9861
 119.000       1.0265
 120.000       1.4253
 121.000       1.7176
 122.000       1.9784
 123.000       2.5439
 124.000       2.9597
 125.000       4.0976
 126.000       6.6577
 127.000       8.1814
 128.000       9.3440
 129.000      11.4639
 130.000      13.4909
