#Res        AtomicFlx
  65.000       7.9752
  66.000       5.8197
  67.000       3.4537
  68.000       1.6718
  69.000       0.8910
  70.000       0.7585
  71.000       0.5003
  72.000       0.9342
  73.000       0.9655
  74.000       0.6250
  75.000       0.4635
  76.000       1.2519
  77.000       1.5449
  78.000       1.1017
  79.000       0.5819
  80.000       0.7022
  81.000       0.4956
  82.000       1.0254
  83.000       0.5002
  84.000       0.3938
  85.000       1.0359
  86.000       0.9661
  87.000       0.6502
  88.000       0.6212
  89.000       0.6871
  90.000       1.0557
  91.000       0.6540
  92.000       0.5325
  93.000       0.4672
  94.000       0.4532
  95.000       0.5340
  96.000       0.7119
  97.000       0.3993
  98.000       0.5370
  99.000       1.4148
 100.000       0.6112
 101.000       0.6401
 102.000       0.9086
 103.000       1.0663
 104.000       0.5133
 105.000       0.8056
 106.000       0.7113
 107.000       1.0646
 108.000       1.2908
 109.000       2.0474
 110.000       2.5220
 111.000       2.7520
 112.000       2.0713
 113.000       1.8617
 114.000       1.0240
 115.000       2.2867
 116.000       0.7074
 117.000       0.9875
 118.000       0.9698
 119.000       0.9746
 120.000       1.4208
 121.000       1.5084
 122.000       1.6582
 123.000       2.0010
 124.000       2.7085
 125.000       4.3361
 126.000       6.6406
 127.000       7.9743
 128.000       9.3009
 129.000      10.5677
 130.000      12.5719
