#Res        AtomicFlx
 131.000       5.6897
 132.000       4.5458
 133.000       3.1461
 134.000       1.5615
 135.000       0.8538
 136.000       0.6645
 137.000       0.4813
 138.000       0.9510
 139.000       0.9682
 140.000       0.5758
 141.000       0.4595
 142.000       1.2252
 143.000       1.5656
 144.000       1.0980
 145.000       0.6027
 146.000       0.7439
 147.000       0.5921
 148.000       0.9653
 149.000       0.4869
 150.000       0.4194
 151.000       1.0388
 152.000       0.8922
 153.000       0.7144
 154.000       0.6808
 155.000       0.8316
 156.000       1.5469
 157.000       0.8358
 158.000       0.6624
 159.000       0.4977
 160.000       0.4606
 161.000       0.6357
 162.000       0.8469
 163.000       0.3964
 164.000       0.5101
 165.000       1.4061
 166.000       0.5609
 167.000       0.6136
 168.000       0.6483
 169.000       1.1185
 170.000       0.4712
 171.000       0.8226
 172.000       0.7239
 173.000       1.0064
 174.000       1.2183
 175.000       2.0085
 176.000       2.6602
 177.000       3.4852
 178.000       2.5666
 179.000       2.1598
 180.000       1.0285
 181.000       2.0486
 182.000       0.6813
 183.000       0.9568
 184.000       0.9937
 185.000       0.9732
 186.000       1.3416
 187.000       1.5763
 188.000       1.7617
 189.000       2.0132
 190.000       2.4686
 191.000       4.1048
 192.000       5.6751
 193.000       7.0465
 194.000       8.5213
 195.000      10.4118
 196.000      12.6228
