#Res        AtomicFlx
 131.000       6.6722
 132.000       5.0837
 133.000       3.3517
 134.000       1.5423
 135.000       0.8505
 136.000       0.6748
 137.000       0.4845
 138.000       1.0006
 139.000       0.9284
 140.000       0.7269
 141.000       0.4801
 142.000       1.2499
 143.000       1.6217
 144.000       1.0120
 145.000       0.6491
 146.000       0.6437
 147.000       0.5398
 148.000       0.9933
 149.000       0.5093
 150.000       0.3991
 151.000       1.0477
 152.000       0.9695
 153.000       0.6633
 154.000       0.6527
 155.000       0.7242
 156.000       1.3152
 157.000       0.5337
 158.000       0.5668
 159.000       0.4842
 160.000       0.4594
 161.000       0.5025
 162.000       0.7892
 163.000       0.4574
 164.000       0.5806
 165.000       1.5786
 166.000       0.7933
 167.000       1.1247
 168.000       0.7383
 169.000       1.1583
 170.000       0.5097
 171.000       0.8264
 172.000       0.7143
 173.000       1.1023
 174.000       1.4178
 175.000       2.1923
 176.000       2.3833
 177.000       2.7411
 178.000       2.0664
 179.000       1.7301
 180.000       1.0320
 181.000       2.1996
 182.000       0.6844
 183.000       0.9516
 184.000       0.9031
 185.000       0.9700
 186.000       1.3752
 187.000       1.4597
 188.000       1.7775
 189.000       1.9606
 190.000       2.4709
 191.000       4.1764
 192.000       6.0174
 193.000       7.4498
 194.000       8.9751
 195.000      10.6683
 196.000      12.5562
