#Res        AtomicFlx
 131.000       5.1480
 132.000       3.9798
 133.000       2.8487
 134.000       1.7390
 135.000       0.9006
 136.000       0.7232
 137.000       0.5019
 138.000       0.9437
 139.000       0.9811
 140.000       0.5786
 141.000       0.4983
 142.000       1.2501
 143.000       1.6729
 144.000       0.9785
 145.000       0.5376
 146.000       0.8874
 147.000       0.7080
 148.000       0.8973
 149.000       0.4620
 150.000       0.4485
 151.000       0.9986
 152.000       0.8416
 153.000       0.7129
 154.000       0.6755
 155.000       0.8750
 156.000       2.0256
 157.000       1.2881
 158.000       0.8079
 159.000       0.6044
 160.000       0.5393
 161.000       0.6450
 162.000       0.9189
 163.000       0.4347
 164.000       0.7523
 165.000       1.6007
 166.000       0.6514
 167.000       0.6696
 168.000       0.7679
 169.000       1.1579
 170.000       0.5158
 171.000       0.7272
 172.000       0.7475
 173.000       0.9582
 174.000       1.3512
 175.000       2.0457
 176.000       2.6944
 177.000       2.8351
 178.000       2.3462
 179.000       1.8760
 180.000       1.0109
 181.000       2.1728
 182.000       0.6997
 183.000       1.0027
 184.000       0.9508
 185.000       1.0798
 186.000       1.5157
 187.000       1.7743
 188.000       2.0562
 189.000       2.5151
 190.000       3.3210
 191.000       5.0410
 192.000       5.9033
 193.000       7.2182
 194.000       8.7633
 195.000      10.6597
 196.000      12.7757
