#Frame   AVERAGE_00010 AVERAGE_00010[SD]
       1        7.2826            0.9238
       2        5.6700            0.5534
       3        3.7700            0.5079
       4        1.7103            0.1309
       5        0.8959            0.0316
       6        0.7381            0.0106
       7        0.4901            0.0098
       8        0.9515            0.0697
       9        0.9710            0.0303
      10        0.6389            0.0340
      11        0.4679            0.0286
      12        1.2482            0.0399
      13        1.5589            0.0244
      14        1.0811            0.0558
      15        0.5747            0.0169
      16        0.6100            0.0502
      17        0.5043            0.0182
      18        1.0136            0.0542
      19        0.4954            0.0213
      20        0.3972            0.0071
      21        1.0422            0.0249
      22        0.9675            0.0674
      23        0.6553            0.0273
      24        0.6248            0.0322
      25        0.6770            0.0128
      26        1.0339            0.0786
      27        0.5273            0.0658
      28        0.5241            0.0118
      29        0.4567            0.0121
      30        0.4360            0.0100
      31        0.5156            0.0327
      32        0.7186            0.0267
      33        0.4007            0.0180
      34        0.5236            0.0328
      35        1.4153            0.1237
      36        0.5908            0.0280
      37        0.6389            0.0588
      38        0.8020            0.1568
      39        1.0715            0.0242
      40        0.5118            0.0322
      41        0.8083            0.0605
      42        0.7253            0.0276
      43        1.0787            0.0600
      44        1.4290            0.2614
      45        2.1358            0.3284
      46        2.6612            0.3234
      47        2.9309            0.2603
      48        2.1784            0.2076
      49        1.9200            0.2858
      50        1.1559            0.2111
      51        2.3039            0.0934
      52        0.6956            0.0268
      53        0.9938            0.0452
      54        0.9715            0.0589
      55        1.0303            0.0294
      56        1.4644            0.0696
      57        1.6562            0.0949
      58        1.8176            0.1142
      59        2.2002            0.2037
      60        2.6944            0.1959
      61        4.1633            0.2268
      62        5.9681            0.6427
      63        7.5459            0.5168
      64        8.6447            0.6124
      65       10.3363            0.6795
      66       12.2613            0.7080
