#Res        AtomicFlx
 131.000       8.1833
 132.000       6.3139
 133.000       3.8137
 134.000       1.7696
 135.000       0.8641
 136.000       0.7625
 137.000       0.5045
 138.000       0.9294
 139.000       0.9778
 140.000       0.6278
 141.000       0.4593
 142.000       1.2393
 143.000       1.5395
 144.000       0.9632
 145.000       0.6035
 146.000       0.5756
 147.000       0.5021
 148.000       1.0125
 149.000       0.5026
 150.000       0.3804
 151.000       1.0242
 152.000       0.9919
 153.000       0.6301
 154.000       0.6146
 155.000       0.6548
 156.000       1.0283
 157.000       0.4995
 158.000       0.5253
 159.000       0.4492
 160.000       0.4242
 161.000       0.4761
 162.000       0.7408
 163.000       0.4058
 164.000       0.5092
 165.000       1.4768
 166.000       0.6086
 167.000       0.6364
 168.000       0.6351
 169.000       1.0620
 170.000       0.5156
 171.000       0.6983
 172.000       0.6875
 173.000       1.0270
 174.000       1.3176
 175.000       1.9975
 176.000       2.4681
 177.000       3.0204
 178.000       2.2434
 179.000       1.9842
 180.000       1.0304
 181.000       2.2954
 182.000       0.6815
 183.000       1.0206
 184.000       0.9213
 185.000       1.0959
 186.000       1.4837
 187.000       1.6524
 188.000       1.8127
 189.000       2.0632
 190.000       2.4954
 191.000       4.0932
 192.000       5.6143
 193.000       7.6051
 194.000       9.1717
 195.000      11.3368
 196.000      13.4556
