#Res        AtomicFlx
   1.000       8.0983
   2.000       6.5556
   3.000       4.5110
   4.000       2.3883
   5.000       1.0225
   6.000       0.7859
   7.000       0.6140
   8.000       1.0059
   9.000       1.0215
  10.000       0.6476
  11.000       0.5388
  12.000       1.2935
  13.000       1.5970
  14.000       1.0742
  15.000       0.6522
  16.000       1.0232
  17.000       0.8155
  18.000       0.9944
  19.000       0.5799
  20.000       0.5602
  21.000       1.2940
  22.000       1.1023
  23.000       1.0383
  24.000       0.9444
  25.000       0.9598
  26.000       1.9967
  27.000       1.1525
  28.000       0.9557
  29.000       0.7653
  30.000       0.7158
  31.000       1.0600
  32.000       1.2554
  33.000       0.7265
  34.000       0.7929
  35.000       1.5277
  36.000       1.2021
  37.000       1.5215
  38.000       2.2731
  39.000       1.8482
  40.000       0.9399
  41.000       1.1842
  42.000       1.0044
  43.000       1.4449
  44.000       1.7241
  45.000       2.3872
  46.000       2.9473
  47.000       3.0034
  48.000       2.2249
  49.000       1.9129
  50.000       1.3597
  51.000       2.7164
  52.000       1.8095
  53.000       3.5877
  54.000       3.5533
  55.000       5.2968
  56.000       7.0239
  57.000       8.8376
  58.000      11.8509
  59.000      12.9783
