#Res        AtomicFlx
   1.000       8.0433
   2.000       6.3588
   3.000       4.5026
   4.000       2.3612
   5.000       1.0323
   6.000       0.8030
   7.000       0.6237
   8.000       1.0150
   9.000       1.0339
  10.000       0.6166
  11.000       0.5307
  12.000       1.2935
  13.000       1.6104
  14.000       0.9402
  15.000       0.6232
  16.000       0.9811
  17.000       0.8211
  18.000       0.9835
  19.000       0.5621
  20.000       0.5558
  21.000       1.2932
  22.000       1.0775
  23.000       1.0547
  24.000       0.9276
  25.000       0.9588
  26.000       1.9751
  27.000       1.1526
  28.000       0.9541
  29.000       0.7734
  30.000       0.7548
  31.000       1.0003
  32.000       1.2163
  33.000       0.7072
  34.000       0.7833
  35.000       1.5841
  36.000       1.2115
  37.000       1.5185
  38.000       2.3963
  39.000       1.8038
  40.000       0.9078
  41.000       1.2732
  42.000       0.9924
  43.000       1.3902
  44.000       1.6372
  45.000       2.2286
  46.000       2.9228
  47.000       3.0650
  48.000       2.2541
  49.000       1.8676
  50.000       1.2957
  51.000       2.5881
  52.000       1.9215
  53.000       3.5848
  54.000       4.6223
  55.000       6.6713
  56.000       8.5566
  57.000      10.9352
  58.000      13.5430
  59.000      14.9789
