#Res        AtomicFlx
   1.000       7.8873
   2.000       6.4623
   3.000       4.4685
   4.000       2.5275
   5.000       0.9972
   6.000       0.7374
   7.000       0.6355
   8.000       1.0359
   9.000       1.0410
  10.000       0.5959
  11.000       0.5701
  12.000       1.3133
  13.000       1.6439
  14.000       1.0607
  15.000       0.5956
  16.000       0.9656
  17.000       0.7351
  18.000       0.8677
  19.000       0.5195
  20.000       0.4995
  21.000       1.1743
  22.000       0.9316
  23.000       0.8492
  24.000       0.7671
  25.000       0.8774
  26.000       1.8371
  27.000       1.0953
  28.000       0.8524
  29.000       0.6868
  30.000       0.6528
  31.000       0.9804
  32.000       1.2325
  33.000       0.7669
  34.000       0.8236
  35.000       1.6108
  36.000       1.2702
  37.000       1.4918
  38.000       2.0909
  39.000       1.5638
  40.000       0.8650
  41.000       1.1325
  42.000       0.8949
  43.000       1.2340
  44.000       1.5315
  45.000       2.3323
  46.000       3.1268
  47.000       3.8898
  48.000       2.4015
  49.000       1.7812
  50.000       1.1363
  51.000       2.0369
  52.000       1.3884
  53.000       3.1832
  54.000       2.7745
  55.000       4.9022
  56.000       5.6254
  57.000       6.7660
  58.000       8.6340
  59.000       9.7401
