#Res        AtomicFlx
   1.000       7.1230
   2.000       5.9168
   3.000       4.0252
   4.000       2.6302
   5.000       1.0537
   6.000       0.9102
   7.000       0.6734
   8.000       1.0433
   9.000       1.0398
  10.000       0.7766
  11.000       0.5946
  12.000       1.3321
  13.000       1.6486
  14.000       1.2653
  15.000       0.7519
  16.000       1.0793
  17.000       0.9608
  18.000       1.1982
  19.000       0.6890
  20.000       0.6503
  21.000       1.5295
  22.000       1.3836
  23.000       1.3058
  24.000       1.0374
  25.000       0.9857
  26.000       2.0440
  27.000       1.2218
  28.000       1.0241
  29.000       0.7703
  30.000       0.7291
  31.000       1.0538
  32.000       1.1892
  33.000       0.6890
  34.000       0.8259
  35.000       1.5288
  36.000       1.1961
  37.000       1.5289
  38.000       2.2215
  39.000       1.8934
  40.000       1.0215
  41.000       1.3547
  42.000       1.1104
  43.000       1.6681
  44.000       2.0316
  45.000       3.0361
  46.000       4.7002
  47.000       4.9611
  48.000       4.3193
  49.000       3.8193
  50.000       3.7691
  51.000       4.8714
  52.000       4.7037
  53.000       5.6434
  54.000       7.3757
  55.000       6.0314
  56.000       5.1874
  57.000       4.9035
  58.000       5.3696
  59.000       5.5949
