#Res        AtomicFlx
   1.000       7.9086
   2.000       6.4434
   3.000       4.7018
   4.000       2.2368
   5.000       1.0279
   6.000       0.7702
   7.000       0.6199
   8.000       1.0027
   9.000       1.0122
  10.000       0.5773
  11.000       0.4981
  12.000       1.2638
  13.000       1.5507
  14.000       1.0310
  15.000       0.5784
  16.000       0.9603
  17.000       0.7811
  18.000       0.9355
  19.000       0.5328
  20.000       0.5470
  21.000       1.2803
  22.000       1.0941
  23.000       1.0693
  24.000       0.8998
  25.000       0.9602
  26.000       1.9728
  27.000       1.1029
  28.000       0.8915
  29.000       0.6879
  30.000       0.6816
  31.000       0.9611
  32.000       1.1001
  33.000       0.6837
  34.000       0.7893
  35.000       1.4885
  36.000       1.1848
  37.000       1.4143
  38.000       1.9450
  39.000       1.6209
  40.000       0.8488
  41.000       1.1829
  42.000       0.9348
  43.000       1.1463
  44.000       1.3477
  45.000       1.9629
  46.000       2.3958
  47.000       2.6927
  48.000       2.0309
  49.000       1.7311
  50.000       1.2024
  51.000       2.4271
  52.000       1.1421
  53.000       2.2967
  54.000       2.8601
  55.000       4.4891
  56.000       4.9176
  57.000       6.3900
  58.000       8.5471
  59.000       9.0938
