#Frame   AVERAGE_00010 AVERAGE_00010[SD]
       1        7.8121            0.3536
       2        6.3474            0.2242
       3        4.4418            0.2238
       4        2.4288            0.1367
       5        1.0267            0.0182
       6        0.8013            0.0586
       7        0.6333            0.0212
       8        1.0206            0.0162
       9        1.0297            0.0111
      10        0.6428            0.0709
      11        0.5465            0.0332
      12        1.2992            0.0228
      13        1.6101            0.0356
      14        1.0743            0.1063
      15        0.6403            0.0612
      16        1.0019            0.0446
      17        0.8227            0.0755
      18        0.9959            0.1106
      19        0.5767            0.0601
      20        0.5626            0.0489
      21        1.3143            0.1166
      22        1.1178            0.1468
      23        1.0635            0.1452
      24        0.9153            0.0873
      25        0.9484            0.0369
      26        1.9651            0.0689
      27        1.1450            0.0453
      28        0.9356            0.0591
      29        0.7367            0.0404
      30        0.7068            0.0359
      31        1.0111            0.0394
      32        1.1987            0.0538
      33        0.7147            0.0301
      34        0.8030            0.0180
      35        1.5480            0.0437
      36        1.2129            0.0299
      37        1.4950            0.0423
      38        2.1854            0.1550
      39        1.7460            0.1299
      40        0.9166            0.0615
      41        1.2255            0.0789
      42        0.9874            0.0732
      43        1.3767            0.1807
      44        1.6544            0.2265
      45        2.3894            0.3548
      46        3.2186            0.7800
      47        3.5224            0.8212
      48        2.6461            0.8449
      49        2.2224            0.8010
      50        1.7526            1.0111
      51        2.9280            0.9982
      52        2.1930            1.2866
      53        3.6592            1.0982
      54        4.2372            1.7031
      55        5.4782            0.7839
      56        6.2622            1.3574
      57        7.5665            2.1014
      58        9.5889            2.8478
      59       10.4772            3.2501
