#Res        AtomicFlx
   1.000       7.5279
   2.000       5.9877
   3.000       4.3440
   4.000       1.8733
   5.000       0.9412
   6.000       0.7352
   7.000       0.5041
   8.000       0.9507
   9.000       0.9787
  10.000       0.5583
  11.000       0.4953
  12.000       1.2438
  13.000       1.5062
  14.000       1.0398
  15.000       0.5840
  16.000       0.9157
  17.000       0.7237
  18.000       0.8035
  19.000       0.4634
  20.000       0.4461
  21.000       1.0706
  22.000       0.8494
  23.000       0.7282
  24.000       0.6842
  25.000       0.8295
  26.000       2.0387
  27.000       1.1029
  28.000       0.7695
  29.000       0.5669
  30.000       0.5243
  31.000       0.8480
  32.000       0.9842
  33.000       0.4339
  34.000       0.5615
  35.000       1.1899
  36.000       0.6413
  37.000       0.6808
  38.000       0.6992
  39.000       1.1444
  40.000       0.5294
  41.000       0.9131
  42.000       0.7603
  43.000       0.9709
  44.000       1.2656
  45.000       1.9688
  46.000       2.6744
  47.000       3.2197
  48.000       2.4332
  49.000       2.0024
  50.000       1.0678
  51.000       2.1983
  52.000       0.7189
  53.000       1.0490
  54.000       0.9297
  55.000       1.0958
  56.000       2.0677
  57.000       2.4132
  58.000       3.2701
  59.000       3.9646
