#Res        AtomicFlx
  60.000       7.8064
  61.000       6.0144
  62.000       4.2273
  63.000       1.9613
  64.000       0.8862
  65.000       0.7157
  66.000       0.4933
  67.000       0.9693
  68.000       0.9652
  69.000       0.5140
  70.000       0.4739
  71.000       1.2262
  72.000       1.5070
  73.000       0.9266
  74.000       0.5494
  75.000       0.8648
  76.000       0.7084
  77.000       0.7850
  78.000       0.4520
  79.000       0.4457
  80.000       1.0701
  81.000       0.8311
  82.000       0.7339
  83.000       0.6986
  84.000       0.8502
  85.000       1.9843
  86.000       1.0812
  87.000       0.7831
  88.000       0.5676
  89.000       0.5182
  90.000       0.8331
  91.000       0.9925
  92.000       0.4783
  93.000       0.6102
  94.000       1.2662
  95.000       0.7499
  96.000       0.8814
  97.000       1.0569
  98.000       1.2527
  99.000       0.5529
 100.000       0.9386
 101.000       0.7615
 102.000       0.9612
 103.000       1.2094
 104.000       1.9669
 105.000       2.5495
 106.000       2.9155
 107.000       2.4519
 108.000       2.0841
 109.000       1.0339
 110.000       2.1184
 111.000       0.6965
 112.000       1.0739
 113.000       0.9920
 114.000       1.1672
 115.000       2.1939
 116.000       2.6873
 117.000       3.7702
 118.000       4.5383
