#Res        AtomicFlx
 124.000       6.5224
 125.000       5.0999
 126.000       3.4483
 127.000       1.7571
 128.000       0.8196
 129.000       0.7357
 130.000       0.4716
 131.000       0.9506
 132.000       0.9840
 133.000       0.5808
 134.000       0.4616
 135.000       1.2376
 136.000       1.3859
 137.000       0.9454
 138.000       0.4983
 139.000       0.7181
 140.000       0.4634
 141.000       1.0292
 142.000       0.4918
 143.000       0.3858
 144.000       1.0320
 145.000       0.9939
 146.000       0.6325
 147.000       0.5902
 148.000       0.6202
 149.000       1.1039
 150.000       0.6597
 151.000       0.5266
 152.000       0.4148
 153.000       0.4258
 154.000       0.5388
 155.000       0.6905
 156.000       0.3846
 157.000       0.4736
 158.000       1.0508
 159.000       0.5338
 160.000       0.5663
 161.000       0.5663
 162.000       0.9548
 163.000       0.4935
 164.000       0.8348
 165.000       0.6215
 166.000       0.8555
 167.000       1.5636
 168.000       2.5705
 169.000       3.0134
 170.000       3.7171
 171.000       2.8577
 172.000       2.4435
 173.000       1.4045
 174.000       2.1984
 175.000       0.6589
 176.000       0.9670
 177.000       0.8398
 178.000       1.1195
 179.000       2.8490
 180.000       3.6693
 181.000       6.5683
 182.000       6.1418
