#Frame   AVERAGE_00010 AVERAGE_00010[SD]
       1        7.2843            0.8236
       2        5.6192            0.8308
       3        3.8032            0.6288
       4        1.8543            0.2254
       5        0.9142            0.0603
       6        0.7204            0.0201
       7        0.5016            0.0096
       8        0.9595            0.0148
       9        0.9782            0.0169
      10        0.5415            0.0142
      11        0.4834            0.0100
      12        1.2342            0.0073
      13        1.4912            0.0786
      14        0.9339            0.0945
      15        0.5639            0.0168
      16        0.9096            0.0426
      17        0.7181            0.0214
      18        0.7981            0.0089
      19        0.4563            0.0047
      20        0.4422            0.0026
      21        1.0668            0.0088
      22        0.8398            0.0124
      23        0.7244            0.0094
      24        0.6754            0.0089
      25        0.8205            0.0131
      26        1.9824            0.0426
      27        1.0889            0.0148
      28        0.7663            0.0103
      29        0.5626            0.0102
      30        0.5316            0.0219
      31        0.8436            0.0301
      32        0.9860            0.0085
      33        0.4293            0.0060
      34        0.5547            0.0139
      35        1.2019            0.0228
      36        0.6321            0.0129
      37        0.6572            0.0164
      38        0.7224            0.0219
      39        1.1488            0.0308
      40        0.5298            0.0102
      41        0.8809            0.0409
      42        0.7386            0.0522
      43        0.9452            0.0866
      44        1.2046            0.0772
      45        1.8567            0.1303
      46        2.4336            0.1649
      47        2.8075            0.2833
      48        2.2027            0.2062
      49        1.8305            0.2168
      50        1.0154            0.0476
      51        2.1516            0.0966
      52        0.7093            0.0106
      53        1.0560            0.0159
      54        0.9487            0.0160
      55        1.1275            0.0508
      56        2.1350            0.0950
      57        2.5670            0.1634
      58        3.5213            0.2189
      59        4.2721            0.2568
