#Res        AtomicFlx
 124.000       6.1611
 125.000       4.8535
 126.000       3.3803
 127.000       1.4806
 128.000       0.8144
 129.000       0.6876
 130.000       0.4678
 131.000       0.9417
 132.000       0.9373
 133.000       0.6004
 134.000       0.4282
 135.000       1.2016
 136.000       1.5735
 137.000       0.8892
 138.000       0.5380
 139.000       0.5551
 140.000       0.4993
 141.000       0.9500
 142.000       0.4617
 143.000       0.3670
 144.000       1.0079
 145.000       0.8812
 146.000       0.5648
 147.000       0.5595
 148.000       0.6099
 149.000       0.9906
 150.000       0.4751
 151.000       0.4907
 152.000       0.4358
 153.000       0.4171
 154.000       0.4568
 155.000       0.7007
 156.000       0.4021
 157.000       0.5086
 158.000       1.4805
 159.000       0.6600
 160.000       0.7618
 161.000       0.6658
 162.000       1.0053
 163.000       0.4749
 164.000       0.7891
 165.000       0.6681
 166.000       0.9525
 167.000       1.1383
 168.000       1.8020
 169.000       2.2639
 170.000       2.6362
 171.000       1.9310
 172.000       1.5145
 173.000       0.9452
 174.000       2.0637
 175.000       0.5850
 176.000       0.9025
 177.000       0.8310
 178.000       0.9306
 179.000       1.8056
 180.000       2.3508
 181.000       4.2467
 182.000       4.9503
