#Res        AtomicFlx
   1.000       7.7319
   2.000       6.1591
   3.000       4.1637
   4.000       2.2484
   5.000       0.9756
   6.000       0.7307
   7.000       0.5141
   8.000       0.9682
   9.000       1.0087
  10.000       0.5386
  11.000       0.4672
  12.000       1.2268
  13.000       1.5247
  14.000       0.8004
  15.000       0.5332
  16.000       0.8523
  17.000       0.6963
  18.000       0.7830
  19.000       0.4494
  20.000       0.4404
  21.000       1.0583
  22.000       0.8235
  23.000       0.7217
  24.000       0.6718
  25.000       0.8264
  26.000       1.9745
  27.000       1.0673
  28.000       0.7574
  29.000       0.5594
  30.000       0.5590
  31.000       0.8049
  32.000       0.9816
  33.000       0.4264
  34.000       0.5404
  35.000       1.1914
  36.000       0.6256
  37.000       0.6459
  38.000       0.7401
  39.000       1.1758
  40.000       0.5253
  41.000       0.9365
  42.000       0.7920
  43.000       1.0028
  44.000       1.1452
  45.000       1.7917
  46.000       2.2735
  47.000       2.4630
  48.000       2.0476
  49.000       1.7077
  50.000       0.9947
  51.000       2.2046
  52.000       0.7101
  53.000       1.0848
  54.000       0.9609
  55.000       1.1657
  56.000       2.2679
  57.000       2.8025
  58.000       3.9065
  59.000       4.7215
