#Res        AtomicFlx
  65.000       7.4578
  66.000       6.0815
  67.000       3.9004
  68.000       1.7509
  69.000       0.9166
  70.000       0.8163
  71.000       0.5219
  72.000       0.9159
  73.000       0.9746
  74.000       0.7269
  75.000       0.5149
  76.000       1.3035
  77.000       1.6516
  78.000       1.1790
  79.000       0.6434
  80.000       0.6304
  81.000       0.5897
  82.000       1.1067
  83.000       0.5693
  84.000       0.4477
  85.000       1.1341
  86.000       1.0989
  87.000       0.8241
  88.000       0.7355
  89.000       0.7509
  90.000       1.2608
  91.000       0.7320
  92.000       0.6063
  93.000       0.4936
  94.000       0.4547
  95.000       0.5685
  96.000       0.7605
  97.000       0.4161
  98.000       0.5214
  99.000       1.3916
 100.000       0.6258
 101.000       0.6766
 102.000       1.0630
 103.000       1.0966
 104.000       0.6884
 105.000       0.8256
 106.000       0.8143
 107.000       1.2147
 108.000       1.8248
 109.000       3.1522
 110.000       3.4289
 111.000       3.8789
 112.000       2.7227
 113.000       2.2404
 114.000       1.3199
 115.000       2.4092
 116.000       0.8347
 117.000       1.2292
 118.000       1.3421
 119.000       1.3856
 120.000       1.8312
 121.000       1.8927
 122.000       1.9784
 123.000       2.3033
