#Frame   AVERAGE_00010 AVERAGE_00010[SD]
       1        7.2778            0.7851
       2        5.6864            0.5997
       3        3.7865            0.3416
       4        1.7491            0.1654
       5        0.8564            0.0327
       6        0.7260            0.0199
       7        0.4671            0.0106
       8        0.9091            0.0325
       9        0.9575            0.0164
      10        0.6187            0.0326
      11        0.4606            0.0185
      12        1.2329            0.0229
      13        1.5214            0.0730
      14        0.9951            0.0858
      15        0.5653            0.0417
      16        0.6863            0.1591
      17        0.5143            0.0476
      18        1.0024            0.0275
      19        0.4948            0.0185
      20        0.3900            0.0132
      21        1.0395            0.0205
      22        0.9671            0.0461
      23        0.6312            0.0356
      24        0.6137            0.0377
      25        0.6582            0.0416
      26        1.1921            0.2343
      27        0.7136            0.3031
      28        0.5630            0.0959
      29        0.4530            0.0373
      30        0.4401            0.0408
      31        0.5413            0.0967
      32        0.7143            0.0353
      33        0.3820            0.0123
      34        0.4828            0.0237
      35        1.3309            0.1481
      36        0.5646            0.0494
      37        0.6139            0.0751
      38        0.6012            0.0529
      39        0.9661            0.0221
      40        0.4939            0.0108
      41        0.8535            0.0630
      42        0.6704            0.0286
      43        0.9869            0.1193
      44        1.4170            0.2138
      45        2.3353            0.4703
      46        2.6643            0.3346
      47        3.1189            0.4087
      48        2.3212            0.3277
      49        1.9096            0.3121
      50        1.1185            0.1550
      51        2.1795            0.0690
      52        0.6478            0.0316
      53        0.9760            0.0431
      54        0.8192            0.0213
      55        1.0942            0.1398
      56        2.1428            0.4117
      57        2.7302            0.5723
      58        5.0842            0.9681
      59        5.5353            0.6765
