#Res        AtomicFlx
  65.000       8.0537
  66.000       6.4257
  67.000       4.2254
  68.000       1.7154
  69.000       0.9054
  70.000       0.7462
  71.000       0.4962
  72.000       0.9390
  73.000       0.9931
  74.000       0.6516
  75.000       0.4812
  76.000       1.2770
  77.000       1.6038
  78.000       1.0366
  79.000       0.5986
  80.000       0.7878
  81.000       0.5163
  82.000       1.0275
  83.000       0.5129
  84.000       0.3938
  85.000       1.0683
  86.000       1.0050
  87.000       0.7185
  88.000       0.6653
  89.000       0.6797
  90.000       1.3921
  91.000       0.8269
  92.000       0.5695
  93.000       0.4869
  94.000       0.4759
  95.000       0.6572
  96.000       0.7531
  97.000       0.3970
  98.000       0.5009
  99.000       1.3576
 100.000       0.5672
 101.000       0.5978
 102.000       0.6224
 103.000       1.0457
 104.000       0.5311
 105.000       0.8813
 106.000       0.7497
 107.000       1.0382
 108.000       1.4782
 109.000       2.2653
 110.000       2.8988
 111.000       3.1962
 112.000       2.3902
 113.000       2.0597
 114.000       1.2298
 115.000       2.5370
 116.000       1.0042
 117.000       1.0697
 118.000       0.8645
 119.000       1.0484
 120.000       1.5073
 121.000       1.6356
 122.000       1.7974
 123.000       2.1631
