#Res        AtomicFlx
  65.000       6.7548
  66.000       5.2836
  67.000       3.4546
  68.000       1.9917
  69.000       0.8713
  70.000       0.8269
  71.000       0.5762
  72.000       0.9598
  73.000       1.0769
  74.000       0.6085
  75.000       0.4813
  76.000       1.2138
  77.000       1.4065
  78.000       1.0540
  79.000       0.6221
  80.000       0.7726
  81.000       0.5912
  82.000       1.0073
  83.000       0.5227
  84.000       0.4250
  85.000       1.0906
  86.000       0.9652
  87.000       0.8021
  88.000       0.6601
  89.000       0.6314
  90.000       1.0262
  91.000       0.7520
  92.000       0.5744
  93.000       0.5329
  94.000       0.5419
  95.000       0.5567
  96.000       0.9583
  97.000       0.5569
  98.000       0.6578
  99.000       1.6545
 100.000       0.8527
 101.000       1.3250
 102.000       1.8876
 103.000       1.8772
 104.000       0.9404
 105.000       0.9989
 106.000       0.7064
 107.000       1.0183
 108.000       1.4280
 109.000       2.3872
 110.000       2.7525
 111.000       3.4680
 112.000       2.4439
 113.000       1.7880
 114.000       1.0657
 115.000       1.7739
 116.000       1.5813
 117.000       3.0088
 118.000       2.9058
 119.000       2.3134
 120.000       2.5759
 121.000       2.8931
 122.000       3.1924
 123.000       3.5505
