#Res        AtomicFlx
 124.000       7.6959
 125.000       5.9510
 126.000       3.7526
 127.000       1.9936
 128.000       0.8796
 129.000       0.7389
 130.000       0.4830
 131.000       0.9028
 132.000       0.9647
 133.000       0.5970
 134.000       0.4577
 135.000       1.2128
 136.000       1.5034
 137.000       1.0445
 138.000       0.5865
 139.000       0.9836
 140.000       0.6048
 141.000       1.0134
 142.000       0.4980
 143.000       0.4000
 144.000       1.0468
 145.000       0.9613
 146.000       0.6495
 147.000       0.6246
 148.000       0.7239
 149.000       1.6508
 150.000       1.3080
 151.000       0.7508
 152.000       0.5225
 153.000       0.5214
 154.000       0.7265
 155.000       0.7794
 156.000       0.3853
 157.000       0.5134
 158.000       1.4194
 159.000       0.5651
 160.000       0.6026
 161.000       0.5767
 162.000       0.9382
 163.000       0.5072
 164.000       0.9686
 165.000       0.6652
 166.000       0.8759
 167.000       1.1740
 168.000       1.7506
 169.000       2.2520
 170.000       2.6951
 171.000       2.0328
 172.000       1.7183
 173.000       1.0312
 174.000       2.1442
 175.000       0.6695
 176.000       1.0010
 177.000       0.7808
 178.000       1.2846
 179.000       1.8657
 180.000       2.3133
 181.000       4.7345
 182.000       5.6533
