#Res        AtomicFlx
 124.000       8.1318
 125.000       6.1558
 126.000       4.1659
 127.000       1.8058
 128.000       0.8757
 129.000       0.7264
 130.000       0.4508
 131.000       0.8661
 132.000       0.9574
 133.000       0.6537
 134.000       0.4834
 135.000       1.2645
 136.000       1.5783
 137.000       1.1349
 138.000       0.6148
 139.000       0.5986
 140.000       0.5044
 141.000       1.0160
 142.000       0.5161
 143.000       0.4047
 144.000       1.0711
 145.000       1.0137
 146.000       0.6706
 147.000       0.6722
 148.000       0.6820
 149.000       1.1330
 150.000       0.5458
 151.000       0.5461
 152.000       0.4578
 153.000       0.4185
 154.000       0.5079
 155.000       0.7210
 156.000       0.3703
 157.000       0.4585
 158.000       1.3584
 159.000       0.5282
 160.000       0.5698
 161.000       0.6618
 162.000       0.9653
 163.000       0.5002
 164.000       0.8659
 165.000       0.6929
 166.000       1.0936
 167.000       1.5999
 168.000       2.9083
 169.000       2.8856
 170.000       3.3661
 171.000       2.4343
 172.000       1.9982
 173.000       1.1196
 174.000       2.2513
 175.000       0.6605
 176.000       1.0325
 177.000       0.8325
 178.000       1.1961
 179.000       2.3746
 180.000       3.1215
 181.000       5.8346
 182.000       6.3472
