#Frame   AVERAGE_00010 AVERAGE_00010[SD]
       1        7.9356            0.1498
       2        6.2617            0.1662
       3        4.3317            0.1975
       4        1.9004            0.1115
       5        0.9564            0.0415
       6        0.7730            0.0302
       7        0.5184            0.0212
       8        0.9703            0.0291
       9        0.9874            0.0255
      10        0.5896            0.0509
      11        0.5240            0.0329
      12        1.2744            0.0304
      13        1.5618            0.0377
      14        1.0357            0.0812
      15        0.6387            0.0705
      16        0.9919            0.0773
      17        0.7607            0.0298
      18        0.8487            0.0466
      19        0.4906            0.0346
      20        0.4669            0.0138
      21        1.1124            0.0307
      22        0.9064            0.0610
      23        0.7707            0.0417
      24        0.7326            0.0320
      25        0.8748            0.0218
      26        2.0428            0.0692
      27        1.1597            0.0427
      28        0.8466            0.0400
      29        0.6285            0.0471
      30        0.6063            0.0479
      31        0.9349            0.0523
      32        1.0653            0.0554
      33        0.5662            0.0765
      34        0.7120            0.0767
      35        1.6419            0.4223
      36        1.2492            0.6030
      37        1.1365            0.3097
      38        1.2777            0.3066
      39        1.3035            0.0488
      40        0.6020            0.0303
      41        1.0072            0.0595
      42        0.8072            0.0235
      43        1.0571            0.1062
      44        1.4385            0.2892
      45        2.2699            0.4429
      46        2.7492            0.2739
      47        3.2011            0.4343
      48        2.5477            0.2791
      49        2.0872            0.1883
      50        1.1191            0.0788
      51        2.2120            0.0548
      52        0.7330            0.0304
      53        1.1022            0.0209
      54        1.0762            0.0522
      55        1.2573            0.0884
      56        2.2412            0.1163
      57        2.7002            0.1703
      58        3.6871            0.2774
      59        4.4047            0.2968
