#Res        AtomicFlx
  60.000       8.0471
  61.000       6.4787
  62.000       4.6736
  63.000       1.9874
  64.000       0.9921
  65.000       0.7896
  66.000       0.5515
  67.000       1.0038
  68.000       0.9833
  69.000       0.5772
  70.000       0.5167
  71.000       1.2633
  72.000       1.5510
  73.000       0.9664
  74.000       0.5935
  75.000       0.9647
  76.000       0.7596
  77.000       0.8171
  78.000       0.4689
  79.000       0.4694
  80.000       1.0908
  81.000       0.8495
  82.000       0.7175
  83.000       0.6920
  84.000       0.8519
  85.000       2.1392
  86.000       1.1954
  87.000       0.8939
  88.000       0.6938
  89.000       0.6361
  90.000       0.9663
  91.000       1.1472
  92.000       0.6830
  93.000       0.8154
  94.000       2.3846
  95.000       2.2805
  96.000       1.7099
  97.000       1.8866
  98.000       1.3727
  99.000       0.6104
 100.000       1.0044
 101.000       0.8097
 102.000       0.9988
 103.000       1.2375
 104.000       1.8919
 105.000       2.3874
 106.000       2.5662
 107.000       2.0702
 108.000       1.7432
 109.000       1.0411
 110.000       2.2550
 111.000       0.6999
 112.000       1.0938
 113.000       1.1199
 114.000       1.3123
 115.000       2.3977
 116.000       2.8675
 117.000       4.0913
 118.000       4.8095
