#Res        AtomicFlx
   1.000       7.7136
   2.000       5.8718
   3.000       3.9898
   4.000       1.8151
   5.000       0.9044
   6.000       0.6808
   7.000       0.4866
   8.000       0.9403
   9.000       0.9580
  10.000       0.5493
  11.000       0.4781
  12.000       1.2403
  13.000       1.5694
  14.000       0.9941
  15.000       0.5639
  16.000       0.8869
  17.000       0.7045
  18.000       0.7941
  19.000       0.4535
  20.000       0.4384
  21.000       1.0558
  22.000       0.8341
  23.000       0.7330
  24.000       0.6871
  25.000       0.8365
  26.000       1.9752
  27.000       1.0796
  28.000       0.7746
  29.000       0.5632
  30.000       0.5132
  31.000       0.8330
  32.000       0.9749
  33.000       0.4256
  34.000       0.5454
  35.000       1.1817
  36.000       0.6190
  37.000       0.6497
  38.000       0.7211
  39.000       1.1880
  40.000       0.5288
  41.000       0.8445
  42.000       0.7545
  43.000       0.9623
  44.000       1.2441
  45.000       1.9700
  46.000       2.5454
  47.000       3.0504
  48.000       2.4714
  49.000       2.1592
  50.000       1.0658
  51.000       2.2345
  52.000       0.7219
  53.000       1.0609
  54.000       0.9555
  55.000       1.1079
  56.000       2.1043
  57.000       2.5157
  58.000       3.5902
  59.000       4.3132
