#Res        AtomicFlx
 124.000       7.8780
 125.000       6.3720
 126.000       4.1853
 127.000       1.7086
 128.000       0.8926
 129.000       0.7415
 130.000       0.4621
 131.000       0.8843
 132.000       0.9442
 133.000       0.6617
 134.000       0.4722
 135.000       1.2478
 136.000       1.5661
 137.000       0.9616
 138.000       0.5890
 139.000       0.5759
 140.000       0.4996
 141.000       1.0036
 142.000       0.5065
 143.000       0.3923
 144.000       1.0397
 145.000       0.9854
 146.000       0.6387
 147.000       0.6219
 148.000       0.6552
 149.000       1.0821
 150.000       0.5794
 151.000       0.5010
 152.000       0.4340
 153.000       0.4176
 154.000       0.4765
 155.000       0.6797
 156.000       0.3679
 157.000       0.4598
 158.000       1.3456
 159.000       0.5357
 160.000       0.5690
 161.000       0.5354
 162.000       0.9669
 163.000       0.4935
 164.000       0.8091
 165.000       0.7043
 166.000       1.1572
 167.000       1.6091
 168.000       2.6452
 169.000       2.9067
 170.000       3.1800
 171.000       2.3503
 172.000       1.8735
 173.000       1.0922
 174.000       2.2398
 175.000       0.6649
 176.000       0.9770
 177.000       0.8119
 178.000       0.9402
 179.000       1.8193
 180.000       2.1963
 181.000       4.0368
 182.000       4.5838
