#Res        AtomicFlx
  65.000       6.3177
  66.000       4.8365
  67.000       3.2185
  68.000       1.9364
  69.000       0.8987
  70.000       0.8389
  71.000       0.5761
  72.000       0.9345
  73.000       0.9694
  74.000       0.7925
  75.000       0.5053
  76.000       1.2422
  77.000       1.5174
  78.000       1.1186
  79.000       0.5980
  80.000       0.5790
  81.000       0.5120
  82.000       1.0897
  83.000       0.5394
  84.000       0.4331
  85.000       1.0707
  86.000       1.0280
  87.000       0.7260
  88.000       0.6810
  89.000       0.7081
  90.000       1.1612
  91.000       0.5556
  92.000       0.5686
  93.000       0.5230
  94.000       0.4877
  95.000       0.5535
  96.000       0.9358
  97.000       0.5099
  98.000       0.5867
  99.000       1.5099
 100.000       0.8330
 101.000       1.1077
 102.000       1.6994
 103.000       1.6812
 104.000       0.8482
 105.000       1.1524
 106.000       0.7480
 107.000       1.2659
 108.000       1.7994
 109.000       2.5184
 110.000       3.1759
 111.000       3.9380
 112.000       2.7114
 113.000       2.8661
 114.000       2.3832
 115.000       4.2141
 116.000       2.6050
 117.000       3.0556
 118.000       4.3350
 119.000       3.1789
 120.000       3.2958
 121.000       3.5921
 122.000       3.6418
 123.000       3.8754
