#Res        AtomicFlx
   1.000       7.8010
   2.000       6.1079
   3.000       3.9406
   4.000       1.7833
   5.000       0.9474
   6.000       0.7246
   7.000       0.4956
   8.000       0.9553
   9.000       0.9772
  10.000       0.5452
  11.000       0.4851
  12.000       1.2253
  13.000       1.5156
  14.000       0.9933
  15.000       0.5677
  16.000       0.9110
  17.000       0.7089
  18.000       0.8010
  19.000       0.4583
  20.000       0.4428
  21.000       1.0695
  22.000       0.8336
  23.000       0.7073
  24.000       0.6635
  25.000       0.8069
  26.000       2.0116
  27.000       1.0872
  28.000       0.7516
  29.000       0.5462
  30.000       0.5059
  31.000       0.8351
  32.000       0.9892
  33.000       0.4219
  34.000       0.5476
  35.000       1.2008
  36.000       0.6218
  37.000       0.6375
  38.000       0.6983
  39.000       1.1343
  40.000       0.5173
  41.000       0.8832
  42.000       0.7475
  43.000       1.0137
  44.000       1.2844
  45.000       1.9222
  46.000       2.4406
  47.000       2.7045
  48.000       2.0759
  49.000       1.7150
  50.000       1.0080
  51.000       2.1554
  52.000       0.6930
  53.000       1.0453
  54.000       0.9296
  55.000       1.0636
  56.000       2.0141
  57.000       2.3917
  58.000       3.3826
  59.000       4.0943
