#Res        AtomicFlx
  65.000       7.9769
  66.000       6.4636
  67.000       4.2191
  68.000       2.3888
  69.000       0.9828
  70.000       0.8609
  71.000       0.6193
  72.000       0.8734
  73.000       0.9858
  74.000       0.8379
  75.000       0.5460
  76.000       1.2684
  77.000       1.6577
  78.000       1.2731
  79.000       0.6786
  80.000       0.7446
  81.000       0.6373
  82.000       1.1234
  83.000       0.5976
  84.000       0.4690
  85.000       1.1453
  86.000       1.0961
  87.000       0.8750
  88.000       0.7072
  89.000       0.6577
  90.000       1.1066
  91.000       0.6305
  92.000       0.5572
  93.000       0.5274
  94.000       0.5318
  95.000       0.5950
  96.000       0.9151
  97.000       0.5002
  98.000       0.5806
  99.000       1.6339
 100.000       0.7473
 101.000       0.9630
 102.000       1.7241
 103.000       1.5883
 104.000       0.8733
 105.000       1.1486
 106.000       0.8412
 107.000       1.3671
 108.000       2.1759
 109.000       2.9604
 110.000       3.7175
 111.000       4.4418
 112.000       4.3270
 113.000       3.6618
 114.000       2.1746
 115.000       3.3473
 116.000       2.4149
 117.000       3.0872
 118.000       3.7091
 119.000       2.9909
 120.000       3.4314
 121.000       3.8634
 122.000       3.7061
 123.000       4.0165
