#Res        AtomicFlx
   1.000       5.6470
   2.000       3.9697
   3.000       2.5780
   4.000       1.5515
   5.000       0.8026
   6.000       0.7307
   7.000       0.5076
   8.000       0.9832
   9.000       0.9685
  10.000       0.5161
  11.000       0.4915
  12.000       1.2349
  13.000       1.3401
  14.000       0.8419
  15.000       0.5709
  16.000       0.9821
  17.000       0.7569
  18.000       0.8088
  19.000       0.4568
  20.000       0.4431
  21.000       1.0800
  22.000       0.8584
  23.000       0.7316
  24.000       0.6704
  25.000       0.8032
  26.000       1.9120
  27.000       1.1076
  28.000       0.7786
  29.000       0.5774
  30.000       0.5558
  31.000       0.8969
  32.000       1.0002
  33.000       0.4385
  34.000       0.5788
  35.000       1.2458
  36.000       0.6528
  37.000       0.6721
  38.000       0.7533
  39.000       1.1014
  40.000       0.5484
  41.000       0.8271
  42.000       0.6387
  43.000       0.7764
  44.000       1.0838
  45.000       1.6309
  46.000       2.2340
  47.000       2.5998
  48.000       1.9855
  49.000       1.5680
  50.000       0.9408
  51.000       1.9651
  52.000       0.7027
  53.000       1.0401
  54.000       0.9677
  55.000       1.2047
  56.000       2.2211
  57.000       2.7119
  58.000       3.4571
  59.000       4.2668
