#Res        AtomicFlx
  60.000       7.7926
  61.000       6.3227
  62.000       4.2752
  63.000       1.8532
  64.000       0.9760
  65.000       0.7994
  66.000       0.5208
  67.000       0.9715
  68.000       1.0138
  69.000       0.6726
  70.000       0.5689
  71.000       1.3041
  72.000       1.5945
  73.000       1.1046
  74.000       0.7407
  75.000       1.0956
  76.000       0.7916
  77.000       0.9104
  78.000       0.5519
  79.000       0.4882
  80.000       1.1597
  81.000       0.9948
  82.000       0.8342
  83.000       0.7748
  84.000       0.8887
  85.000       1.9681
  86.000       1.1659
  87.000       0.8390
  88.000       0.6082
  89.000       0.6537
  90.000       0.9536
  91.000       1.0411
  92.000       0.5248
  93.000       0.6600
  94.000       1.3642
  95.000       0.8178
  96.000       0.9543
  97.000       1.1369
  98.000       1.2873
  99.000       0.6343
 100.000       1.0112
 101.000       0.8245
 102.000       1.2521
 103.000       1.9873
 104.000       3.1194
 105.000       3.1617
 106.000       3.8141
 107.000       2.9027
 108.000       2.0962
 109.000       1.2433
 110.000       2.2492
 111.000       0.7722
 112.000       1.1246
 113.000       1.0635
 114.000       1.2053
 115.000       2.0875
 116.000       2.4629
 117.000       3.2251
 118.000       3.9100
