#Res        AtomicFlx
  60.000       8.1735
  61.000       6.3596
  62.000       4.3956
  63.000       1.9976
  64.000       0.9948
  65.000       0.7905
  66.000       0.5284
  67.000       0.9178
  68.000       1.0192
  69.000       0.5826
  70.000       0.5109
  71.000       1.2687
  72.000       1.5437
  73.000       1.0378
  74.000       0.6109
  75.000       0.9956
  76.000       0.7565
  77.000       0.8387
  78.000       0.4784
  79.000       0.4700
  80.000       1.1139
  81.000       0.9066
  82.000       0.7755
  83.000       0.7490
  84.000       0.9074
  85.000       2.1111
  86.000       1.1999
  87.000       0.8850
  88.000       0.6724
  89.000       0.6275
  90.000       0.9789
  91.000       1.1092
  92.000       0.6278
  93.000       0.7840
  94.000       1.8399
  95.000       1.5951
  96.000       1.2157
  97.000       1.1500
  98.000       1.3486
  99.000       0.5834
 100.000       1.1140
 101.000       0.8244
 102.000       0.9868
 103.000       1.2864
 104.000       2.1146
 105.000       2.7162
 106.000       3.2218
 107.000       2.6222
 108.000       2.2275
 109.000       1.1110
 110.000       2.1804
 111.000       0.7380
 112.000       1.0905
 113.000       1.1417
 114.000       1.4043
 115.000       2.3536
 116.000       2.9106
 117.000       3.6924
 118.000       4.4631
