#Res        AtomicFlx
  60.000       7.8583
  61.000       6.1332
  62.000       4.0870
  63.000       1.7024
  64.000       0.9331
  65.000       0.7696
  66.000       0.4981
  67.000       0.9891
  68.000       0.9553
  69.000       0.6014
  70.000       0.5498
  71.000       1.3098
  72.000       1.6127
  73.000       1.1429
  74.000       0.6990
  75.000       1.0388
  76.000       0.7876
  77.000       0.8923
  78.000       0.5019
  79.000       0.4614
  80.000       1.1274
  81.000       0.9500
  82.000       0.7925
  83.000       0.7488
  84.000       0.8760
  85.000       2.0112
  86.000       1.1562
  87.000       0.8319
  88.000       0.6007
  89.000       0.5959
  90.000       0.9427
  91.000       1.0364
  92.000       0.5171
  93.000       0.6906
  94.000       1.3546
  95.000       0.8026
  96.000       0.9212
  97.000       1.1581
  98.000       1.2563
  99.000       0.6288
 100.000       0.9680
 101.000       0.8160
 102.000       1.0868
 103.000       1.4720
 104.000       2.2568
 105.000       2.9314
 106.000       3.4881
 107.000       2.6913
 108.000       2.2851
 109.000       1.1663
 110.000       2.2570
 111.000       0.7582
 112.000       1.1282
 113.000       1.0637
 114.000       1.1972
 115.000       2.1734
 116.000       2.5726
 117.000       3.6564
 118.000       4.3024
