#Frame   AVERAGE_00010 AVERAGE_00010[SD]
       1        7.3122            0.6801
       2        5.8182            0.6488
       3        3.8036            0.4060
       4        1.9566            0.2404
       5        0.9150            0.0371
       6        0.8178            0.0388
       7        0.5579            0.0437
       8        0.9245            0.0291
       9        1.0000            0.0394
      10        0.7235            0.0852
      11        0.5057            0.0241
      12        1.2610            0.0307
      13        1.5674            0.0948
      14        1.1323            0.0866
      15        0.6281            0.0303
      16        0.7029            0.0830
      17        0.5693            0.0482
      18        1.0709            0.0454
      19        0.5484            0.0312
      20        0.4337            0.0249
      21        1.1018            0.0321
      22        1.0386            0.0521
      23        0.7891            0.0596
      24        0.6898            0.0281
      25        0.6856            0.0413
      26        1.1894            0.1269
      27        0.6994            0.0954
      28        0.5752            0.0165
      29        0.5128            0.0188
      30        0.4984            0.0333
      31        0.5862            0.0384
      32        0.8646            0.0891
      33        0.4760            0.0602
      34        0.5695            0.0552
      35        1.5095            0.1212
      36        0.7252            0.1124
      37        0.9340            0.2695
      38        1.3993            0.4797
      39        1.4578            0.3296
      40        0.7763            0.1479
      41        1.0014            0.1340
      42        0.7719            0.0489
      43        1.1808            0.1340
      44        1.7413            0.2708
      45        2.6567            0.3414
      46        3.1947            0.3497
      47        3.7846            0.4268
      48        2.9190            0.7169
      49        2.5232            0.6707
      50        1.6346            0.5364
      51        2.8563            0.8436
      52        1.6880            0.7178
      53        2.2901            0.9330
      54        2.6313            1.3359
      55        2.1834            0.8467
      56        2.5283            0.7662
      57        2.7754            0.8880
      58        2.8632            0.8178
      59        3.1818            0.7903
