1.00 1.00 0.96 0.19 0.12 0.01 0.00 0.00 0.02 0.06 0.00 0.00 0.11 0.08 0.00 0.00 0.00 0.00 0.00 0.00 0.00 0.00 0.00 0.00 0.00 0.00 0.00 0.00 0.00 0.00 0.00 0.00 0.00 0.00 0.00 0.00 0.00 0.00 0.02 0.00 0.03 0.03 0.08 0.21 0.10 0.11 0.03 0.04 0.00 0.02 0.03 0.01 0.02 0.00 0.00 0.00 0.00 0.00 0.00 0.00 0.00 0.00 0.00 0.01 0.01 0.01
1.00 1.00 1.00 0.92 0.18 0.06 0.00 0.00 0.02 0.00 0.00 0.00 0.12 0.01 0.00 0.00 0.00 0.00 0.00 0.00 0.00 0.00 0.00 0.00 0.00 0.00 0.00 0.00 0.00 0.00 0.00 0.00 0.00 0.00 0.00 0.00 0.00 0.00 0.10 0.00 0.31 0.00 0.19 0.35 0.16 0.13 0.00 0.00 0.00 0.00 0.04 0.00 0.00 0.00 0.02 0.01 0.00 0.00 0.00 0.01 0.00 0.01 0.00 0.00 0.00 0.00
0.96 1.00 1.00 1.00 0.84 0.02 0.00 0.00 0.02 0.01 0.00 0.00 0.09 0.01 0.00 0.00 0.00 0.00 0.00 0.00 0.00 0.00 0.00 0.00 0.00 0.00 0.00 0.00 0.00 0.00 0.00 0.00 0.00 0.00 0.00 0.00 0.00 0.00 0.04 0.00 0.07 0.34 0.45 0.46 0.16 0.06 0.00 0.00 0.00 0.00 0.02 0.00 0.01 0.00 0.00 0.00 0.00 0.01 0.00 0.00 0.00 0.00 0.00 0.00 0.00 0.00
0.19 0.92 1.00 1.00 1.00 0.61 0.00 0.00 0.14 0.00 0.00 0.00 0.01 0.00 0.00 0.00 0.00 0.00 0.00 0.00 0.00 0.00 0.00 0.00 0.00 0.00 0.00 0.00 0.00 0.00 0.00 0.00 0.00 0.00 0.00 0.00 0.00 0.00 0.02 0.00 0.98 0.87 0.74 0.54 0.00 0.00 0.00 0.00 0.00 0.00 0.05 0.03 0.48 0.05 0.11 0.03 0.01 0.01 0.00 0.01 0.02 0.02 0.03 0.02 0.02 0.01
0.12 0.18 0.84 1.00 1.00 1.00 0.80 0.00 0.99 1.00 0.00 0.01 0.83 0.60 0.00 0.00 0.00 0.00 0.00 0.00 0.00 0.00 0.00 0.00 0.00 0.00 0.00 0.00 0.00 0.00 0.00 0.00 0.00 0.00 0.00 0.00 0.00 0.00 0.00 0.69 1.00 1.00 0.58 0.89 0.00 0.00 0.00 0.00 0.00 0.24 0.00 0.00 0.01 0.00 0.00 0.00 0.00 0.00 0.00 0.00 0.00 0.00 0.00 0.00 0.00 0.00
0.01 0.06 0.02 0.61 1.00 1.00 1.00 1.00 1.00 1.00 0.86 0.00 0.01 0.00 0.00 0.00 0.00 0.00 0.00 0.00 0.00 0.00 0.00 0.00 0.00 0.00 0.00 0.00 0.00 0.00 0.00 0.00 0.00 0.00 0.00 0.00 0.00 0.04 0.90 1.00 1.00 1.00 0.00 0.00 0.00 0.00 0.00 0.00 0.00 0.00 0.00 0.00 0.00 0.00 0.00 0.00 0.00 0.00 0.00 0.00 0.00 0.00 0.00 0.00 0.00 0.00
0.00 0.00 0.00 0.00 0.80 1.00 1.00 1.00 1.00 1.00 1.00 0.87 0.00 0.00 0.00 0.01 0.00 0.00 1.00 0.00 0.00 0.00 0.99 0.00 0.02 0.00 0.00 0.00 0.04 1.00 0.00 0.00 1.00 1.00 0.00 0.00 0.00 0.23 0.09 1.00 0.99 1.00 0.00 0.00 0.00 0.00 0.00 0.00 0.00 0.00 0.00 0.36 0.03 0.05 0.48 0.00 0.00 0.24 0.09 0.00 0.00 0.00 0.00 0.00 0.00 0.00
0.00 0.00 0.00 0.00 0.00 1.00 1.00 1.00 1.00 1.00 1.00 1.00 0.43 0.00 0.00 0.01 0.00 0.00 0.00 0.00 0.00 0.00 0.00 0.00 0.00 0.00 0.00 0.00 0.00 0.00 0.00 0.00 0.31 1.00 0.38 0.37 0.51 0.33 0.31 0.67 0.00 0.00 0.00 0.00 0.00 0.00 0.00 0.00 0.00 0.00 0.00 0.00 0.00 0.00 0.00 0.00 0.00 0.00 0.00 0.00 0.00 0.00 0.00 0.00 0.00 0.00
0.02 0.02 0.02 0.14 0.99 1.00 1.00 1.00 1.00 1.00 1.00 1.00 1.00 0.66 0.00 0.00 0.00 0.00 0.00 0.00 0.00 0.00 0.00 0.00 0.00 0.00 0.00 0.00 0.00 0.00 0.00 0.00 0.00 0.00 0.00 0.00 0.00 0.00 0.01 0.00 0.00 0.01 0.00 0.00 0.00 0.00 0.00 0.00 0.00 0.00 0.00 0.00 0.00 0.00 0.00 0.00 0.00 0.00 0.00 0.00 0.00 0.00 0.00 0.00 0.00 0.00
0.06 0.00 0.01 0.00 1.00 1.00 1.00 1.00 1.00 1.00 1.00 1.00 1.00 1.00 0.99 0.00 0.00 0.75 1.00 0.00 0.00 0.99 0.30 0.00 0.00 0.00 0.00 0.00 0.00 0.00 0.00 0.00 0.00 0.00 0.00 0.00 0.00 0.00 0.00 0.00 0.00 1.00 0.02 0.84 0.01 0.00 0.00 0.25 0.20 0.93 0.00 0.00 0.00 0.00 0.00 0.00 0.00 0.00 0.00 0.00 0.00 0.00 0.00 0.00 0.00 0.00
0.00 0.00 0.00 0.00 0.00 0.86 1.00 1.00 1.00 1.00 1.00 1.00 1.00 1.00 1.00 1.00 0.00 0.00 1.00 0.00 0.00 0.00 0.00 0.00 0.00 0.00 0.00 0.00 0.00 0.79 0.00 0.00 0.00 1.00 0.00 0.00 0.00 0.00 0.00 0.00 0.00 0.04 0.00 0.00 0.00 0.00 0.00 0.00 0.00 0.00 0.00 0.00 0.00 0.00 0.00 0.00 0.00 0.00 0.00 0.00 0.00 0.00 0.00 0.00 0.00 0.00
0.00 0.00 0.00 0.00 0.01 0.00 0.87 1.00 1.00 1.00 1.00 1.00 1.00 1.00 0.99 0.03 0.00 0.00 0.00 0.00 0.00 0.00 0.00 0.00 0.00 0.00 0.00 0.00 0.00 0.00 0.00 0.00 0.00 0.03 0.00 0.00 0.00 0.00 0.00 0.00 0.00 0.00 0.00 0.00 0.00 0.00 0.00 0.00 0.00 0.00 0.00 0.00 0.00 0.00 0.00 0.00 0.00 0.00 0.00 0.00 0.00 0.00 0.00 0.00 0.00 0.00
0.11 0.12 0.09 0.01 0.83 0.01 0.00 0.43 1.00 1.00 1.00 1.00 1.00 1.00 0.99 0.00 0.00 0.00 0.00 0.00 0.00 0.00 0.00 0.00 0.00 0.00 0.00 0.00 0.00 0.00 0.00 0.00 0.00 0.00 0.00 0.00 0.00 0.00 0.00 0.00 0.00 0.00 0.00 0.16 0.00 0.00 0.00 0.01 0.00 0.00 0.00 0.00 0.00 0.00 0.00 0.00 0.00 0.00 0.00 0.00 0.00 0.00 0.00 0.00 0.00 0.00
0.08 0.01 0.01 0.00 0.60 0.00 0.00 0.00 0.66 1.00 1.00 1.00 1.00 1.00 1.00 0.11 0.01 1.00 0.95 0.00 0.00 0.11 0.00 0.00 0.00 0.00 0.00 0.00 0.00 0.00 0.00 0.00 0.00 0.00 0.00 0.00 0.00 0.00 0.00 0.00 0.00 0.00 0.00 0.36 0.00 0.00 0.02 0.09 0.01 0.01 0.00 0.00 0.00 0.00 0.00 0.00 0.00 0.00 0.00 0.00 0.00 0.00 0.00 0.00 0.00 0.00
0.00 0.00 0.00 0.00 0.00 0.00 0.00 0.00 0.00 0.99 1.00 0.99 0.99 1.00 1.00 1.00 1.00 1.00 1.00 0.53 0.00 0.00 0.00 0.00 0.00 0.00 0.00 0.00 0.00 0.00 0.00 0.00 0.00 0.00 0.00 0.00 0.00 0.00 0.00 0.00 0.00 0.00 0.00 0.00 0.00 0.00 0.00 0.00 0.00 0.00 0.00 0.00 0.00 0.00 0.00 0.00 0.00 0.00 0.00 0.00 0.00 0.00 0.00 0.00 0.00 0.00
0.00 0.00 0.00 0.00 0.00 0.00 0.01 0.01 0.00 0.00 1.00 0.03 0.00 0.11 1.00 1.00 1.00 1.00 1.00 1.00 0.48 0.00 0.00 0.00 0.00 0.00 0.99 0.03 0.00 1.00 0.98 0.00 0.00 0.97 0.09 0.00 0.00 0.00 0.00 0.00 0.00 0.00 0.00 0.00 0.00 0.00 0.00 0.00 0.00 0.00 0.00 0.00 0.00 0.00 0.00 0.00 0.00 0.00 0.00 0.00 0.00 0.00 0.00 0.00 0.00 0.00
0.00 0.00 0.00 0.00 0.00 0.00 0.00 0.00 0.00 0.00 0.00 0.00 0.00 0.01 1.00 1.00 1.00 1.00 1.00 1.00 1.00 0.46 0.00 0.00 0.00 0.00 0.99 0.00 0.00 0.02 0.00 0.00 0.00 0.00 0.00 0.00 0.00 0.00 0.00 0.00 0.00 0.00 0.00 0.00 0.00 0.00 0.00 0.00 0.00 0.00 0.00 0.00 0.00 0.00 0.00 0.00 0.00 0.00 0.00 0.00 0.00 0.00 0.00 0.00 0.00 0.00
0.00 0.00 0.00 0.00 0.00 0.00 0.00 0.00 0.00 0.75 0.00 0.00 0.00 1.00 1.00 1.00 1.00 1.00 1.00 1.00 1.00 1.00 0.85 0.00 0.00 0.00 0.00 0.00 0.00 0.00 0.00 0.00 0.00 0.00 0.00 0.00 0.00 0.00 0.00 0.00 0.00 0.00 0.00 0.00 0.00 0.00 0.03 0.08 0.09 0.07 0.00 0.00 0.00 0.00 0.00 0.00 0.00 0.00 0.00 0.00 0.00 0.00 0.01 0.00 0.00 0.00
0.00 0.00 0.00 0.00 0.00 0.00 1.00 0.00 0.00 1.00 1.00 0.00 0.00 0.95 1.00 1.00 1.00 1.00 1.00 1.00 1.00 1.00 1.00 0.84 0.37 0.00 0.05 0.00 0.00 1.00 0.00 0.00 0.00 0.62 0.00 0.00 0.00 0.00 0.00 0.00 0.00 0.83 0.00 0.00 0.00 0.00 0.00 0.00 0.00 0.28 0.00 0.00 0.00 0.00 0.01 0.00 0.00 0.01 0.00 0.00 0.00 0.00 0.00 0.00 0.00 0.00
0.00 0.00 0.00 0.00 0.00 0.00 0.00 0.00 0.00 0.00 0.00 0.00 0.00 0.00 0.53 1.00 1.00 1.00 1.00 1.00 1.00 1.00 1.00 1.00 1.00 0.99 1.00 0.00 0.00 1.00 0.00 0.00 0.00 0.00 0.00 0.00 0.00 0.00 0.00 0.00 0.00 0.00 0.00 0.00 0.00 0.00 0.00 0.00 0.00 0.00 0.00 0.00 0.00 0.00 0.00 0.00 0.00 0.00 0.00 0.00 0.00 0.00 0.01 0.02 0.01 0.00
0.00 0.00 0.00 0.00 0.00 0.00 0.00 0.00 0.00 0.00 0.00 0.00 0.00 0.00 0.00 0.48 1.00 1.00 1.00 1.00 1.00 1.00 1.00 1.00 0.80 0.00 0.05 0.00 0.00 0.00 0.00 0.00 0.00 0.00 0.00 0.00 0.00 0.00 0.00 0.00 0.00 0.00 0.00 0.00 0.00 0.00 0.00 0.00 0.02 0.00 0.00 0.00 0.00 0.00 0.00 0.00 0.00 0.00 0.00 0.00 0.01 0.04 0.04 0.03 0.03 0.01
0.00 0.00 0.00 0.00 0.00 0.00 0.00 0.00 0.00 0.99 0.00 0.00 0.00 0.11 0.00 0.00 0.46 1.00 1.00 1.00 1.00 1.00 1.00 1.00 0.00 0.00 0.00 0.00 0.00 0.00 0.00 0.00 0.00 0.00 0.00 0.00 0.00 0.00 0.00 0.00 0.00 0.08 0.00 0.01 0.02 0.00 0.00 0.29 0.60 0.98 0.03 0.08 0.00 0.00 0.00 0.07 0.00 0.00 0.01 0.02 0.04 0.05 0.05 0.01 0.01 0.00
0.00 0.00 0.00 0.00 0.00 0.00 0.99 0.00 0.00 0.30 0.00 0.00 0.00 0.00 0.00 0.00 0.00 0.85 1.00 1.00 1.00 1.00 1.00 1.00 1.00 0.00 0.00 0.00 0.00 1.00 0.00 0.00 0.00 0.00 0.00 0.00 0.00 0.00 0.00 0.14 0.00 1.00 0.02 0.01 0.00 0.00 0.00 0.00 0.06 0.97 0.82 0.96 0.11 0.01 0.49 0.25 0.11 0.27 0.03 0.04 0.05 0.05 0.03 0.01 0.00 0.00
0.00 0.00 0.00 0.00 0.00 0.00 0.00 0.00 0.00 0.00 0.00 0.00 0.00 0.00 0.00 0.00 0.00 0.00 0.84 1.00 1.00 1.00 1.00 1.00 1.00 0.25 0.00 0.00 0.00 0.00 0.00 0.00 0.00 0.00 0.00 0.00 0.00 0.00 0.00 0.00 0.00 0.00 0.00 0.00 0.00 0.00 0.00 0.00 0.03 0.00 0.01 0.03 0.00 0.00 0.00 0.20 0.10 0.06 0.04 0.03 0.06 0.07 0.06 0.04 0.02 0.01
0.00 0.00 0.00 0.00 0.00 0.00 0.02 0.00 0.00 0.00 0.00 0.00 0.00 0.00 0.00 0.00 0.00 0.00 0.37 1.00 0.80 0.00 1.00 1.00 1.00 1.00 0.99 0.00 0.99 1.00 0.00 0.00 0.00 0.00 0.00 0.00 0.00 0.00 0.00 0.00 0.00 0.00 0.00 0.00 0.00 0.00 0.00 0.00 0.00 0.00 0.02 0.06 0.06 0.04 0.50 0.39 0.16 0.32 0.10 0.02 0.03 0.02 0.04 0.04 0.03 0.01
0.00 0.00 0.00 0.00 0.00 0.00 0.00 0.00 0.00 0.00 0.00 0.00 0.00 0.00 0.00 0.00 0.00 0.00 0.00 0.99 0.00 0.00 0.00 0.25 1.00 1.00 1.00 1.00 1.00 1.00 0.27 0.03 0.00 0.00 0.00 0.00 0.00 0.00 0.00 0.00 0.00 0.00 0.00 0.00 0.00 0.00 0.00 0.00 0.00 0.00 0.00 0.00 0.00 0.00 0.01 0.03 0.05 0.06 0.06 0.01 0.02 0.02 0.02 0.03 0.04 0.04
0.00 0.00 0.00 0.00 0.00 0.00 0.00 0.00 0.00 0.00 0.00 0.00 0.00 0.00 0.00 0.99 0.99 0.00 0.05 1.00 0.05 0.00 0.00 0.00 0.99 1.00 1.00 1.00 1.00 1.00 1.00 0.73 0.00 0.01 0.00 0.00 0.00 0.00 0.00 0.00 0.00 0.00 0.00 0.00 0.00 0.00 0.00 0.00 0.00 0.00 0.00 0.00 0.00 0.00 0.00 0.00 0.00 0.00 0.00 0.00 0.00 0.00 0.00 0.01 0.02 0.02
0.00 0.00 0.00 0.00 0.00 0.00 0.00 0.00 0.00 0.00 0.00 0.00 0.00 0.00 0.00 0.03 0.00 0.00 0.00 0.00 0.00 0.00 0.00 0.00 0.00 1.00 1.00 1.00 1.00 1.00 1.00 1.00 0.72 0.00 0.00 0.00 0.00 0.00 0.00 0.00 0.00 0.00 0.00 0.00 0.00 0.00 0.00 0.00 0.00 0.00 0.00 0.00 0.00 0.00 0.00 0.00 0.00 0.02 0.02 0.00 0.00 0.01 0.00 0.01 0.01 0.02
0.00 0.00 0.00 0.00 0.00 0.00 0.04 0.00 0.00 0.00 0.00 0.00 0.00 0.00 0.00 0.00 0.00 0.00 0.00 0.00 0.00 0.00 0.00 0.00 0.99 1.00 1.00 1.00 1.00 1.00 1.00 1.00 1.00 0.52 0.00 0.00 0.00 0.05 0.00 0.00 0.00 0.00 0.00 0.00 0.00 0.00 0.00 0.00 0.00 0.00 0.00 0.00 0.00 0.01 0.40 0.12 0.07 0.24 0.21 0.02 0.01 0.00 0.02 0.02 0.02 0.01
0.00 0.00 0.00 0.00 0.00 0.00 1.00 0.00 0.00 0.00 0.79 0.00 0.00 0.00 0.00 1.00 0.02 0.00 1.00 1.00 0.00 0.00 1.00 0.00 1.00 1.00 1.00 1.00 1.00 1.00 1.00 1.00 1.00 1.00 0.78 0.00 0.00 0.00 0.00 0.02 0.00 0.01 0.00 0.00 0.00 0.00 0.00 0.00 0.00 0.00 0.00 0.01 0.00 0.00 0.49 0.00 0.00 0.24 0.03 0.00 0.00 0.00 0.00 0.00 0.00 0.00
0.00 0.00 0.00 0.00 0.00 0.00 0.00 0.00 0.00 0.00 0.00 0.00 0.00 0.00 0.00 0.98 0.00 0.00 0.00 0.00 0.00 0.00 0.00 0.00 0.00 0.27 1.00 1.00 1.00 1.00 1.00 1.00 1.00 1.00 0.97 0.52 0.00 0.00 0.00 0.00 0.00 0.00 0.00 0.00 0.00 0.00 0.00 0.00 0.00 0.00 0.00 0.00 0.00 0.00 0.00 0.00 0.00 0.00 0.00 0.00 0.00 0.00 0.00 0.00 0.00 0.00
0.00 0.00 0.00 0.00 0.00 0.00 0.00 0.00 0.00 0.00 0.00 0.00 0.00 0.00 0.00 0.00 0.00 0.00 0.00 0.00 0.00 0.00 0.00 0.00 0.00 0.03 0.73 1.00 1.00 1.00 1.00 1.00 1.00 1.00 0.99 0.96 0.20 0.17 0.00 0.00 0.00 0.00 0.00 0.00 0.00 0.00 0.00 0.00 0.00 0.00 0.00 0.00 0.00 0.01 0.00 0.01 0.03 0.03 0.05 0.01 0.01 0.01 0.01 0.03 0.04 0.04
0.00 0.00 0.00 0.00 0.00 0.00 1.00 0.31 0.00 0.00 0.00 0.00 0.00 0.00 0.00 0.00 0.00 0.00 0.00 0.00 0.00 0.00 0.00 0.00 0.00 0.00 0.00 0.72 1.00 1.00 1.00 1.00 1.00 1.00 1.00 0.96 0.41 0.60 0.01 0.99 0.00 0.00 0.00 0.00 0.00 0.00 0.00 0.00 0.00 0.00 0.00 0.01 0.01 0.14 0.46 0.03 0.03 0.24 0.18 0.01 0.00 0.00 0.00 0.00 0.02 0.00
0.00 0.00 0.00 0.00 0.00 0.00 1.00 1.00 0.00 0.00 1.00 0.03 0.00 0.00 0.00 0.97 0.00 0.00 0.62 0.00 0.00 0.00 0.00 0.00 0.00 0.00 0.01 0.00 0.52 1.00 1.00 1.00 1.00 1.00 1.00 0.97 0.42 0.32 0.00 0.18 0.00 0.00 0.00 0.00 0.00 0.00 0.00 0.00 0.00 0.00 0.00 0.00 0.00 0.00 0.00 0.00 0.00 0.00 0.00 0.00 0.00 0.00 0.00 0.00 0.00 0.00
0.00 0.00 0.00 0.00 0.00 0.00 0.00 0.38 0.00 0.00 0.00 0.00 0.00 0.00 0.00 0.09 0.00 0.00 0.00 0.00 0.00 0.00 0.00 0.00 0.00 0.00 0.00 0.00 0.00 0.78 0.97 0.99 1.00 1.00 1.00 1.00 0.98 0.04 0.02 0.01 0.00 0.00 0.00 0.00 0.00 0.00 0.00 0.00 0.00 0.00 0.00 0.00 0.00 0.00 0.00 0.00 0.00 0.00 0.00 0.00 0.00 0.00 0.00 0.01 0.01 0.01
0.00 0.00 0.00 0.00 0.00 0.00 0.00 0.37 0.00 0.00 0.00 0.00 0.00 0.00 0.00 0.00 0.00 0.00 0.00 0.00 0.00 0.00 0.00 0.00 0.00 0.00 0.00 0.00 0.00 0.00 0.52 0.96 0.96 0.97 1.00 1.00 1.00 0.98 0.03 0.48 0.00 0.00 0.00 0.00 0.00 0.00 0.00 0.00 0.00 0.00 0.00 0.00 0.00 0.03 0.00 0.00 0.01 0.02 0.02 0.01 0.01 0.01 0.01 0.02 0.03 0.03
0.00 0.00 0.00 0.00 0.00 0.00 0.00 0.51 0.00 0.00 0.00 0.00 0.00 0.00 0.00 0.00 0.00 0.00 0.00 0.00 0.00 0.00 0.00 0.00 0.00 0.00 0.00 0.00 0.00 0.00 0.00 0.20 0.41 0.42 0.98 1.00 1.00 1.00 0.86 0.00 0.00 0.00 0.00 0.00 0.00 0.00 0.00 0.00 0.00 0.00 0.00 0.00 0.00 0.00 0.00 0.00 0.01 0.01 0.00 0.00 0.00 0.00 0.00 0.02 0.02 0.03
0.00 0.00 0.00 0.00 0.00 0.04 0.23 0.33 0.00 0.00 0.00 0.00 0.00 0.00 0.00 0.00 0.00 0.00 0.00 0.00 0.00 0.00 0.00 0.00 0.00 0.00 0.00 0.00 0.05 0.00 0.00 0.17 0.60 0.32 0.04 0.98 1.00 1.00 1.00 1.00 0.02 0.00 0.00 0.00 0.00 0.00 0.00 0.00 0.00 0.00 0.00 0.00 0.07 0.61 0.16 0.16 0.15 0.13 0.14 0.16 0.16 0.05 0.05 0.13 0.12 0.10
0.02 0.10 0.04 0.02 0.00 0.90 0.09 0.31 0.01 0.00 0.00 0.00 0.00 0.00 0.00 0.00 0.00 0.00 0.00 0.00 0.00 0.00 0.00 0.00 0.00 0.00 0.00 0.00 0.00 0.00 0.00 0.00 0.01 0.00 0.02 0.03 0.86 1.00 1.00 1.00 1.00 0.00 0.00 0.00 0.00 0.00 0.00 0.00 0.00 0.00 0.00 0.00 0.15 0.24 0.18 0.05 0.03 0.02 0.00 0.01 0.13 0.01 0.01 0.06 0.05 0.04
0.00 0.00 0.00 0.00 0.69 1.00 1.00 0.67 0.00 0.00 0.00 0.00 0.00 0.00 0.00 0.00 0.00 0.00 0.00 0.00 0.00 0.00 0.14 0.00 0.00 0.00 0.00 0.00 0.00 0.02 0.00 0.00 0.99 0.18 0.01 0.48 0.00 1.00 1.00 1.00 1.00 0.99 0.00 0.00 0.00 0.00 0.00 0.00 0.00 0.00 0.00 0.72 0.47 0.70 0.65 0.04 0.02 0.25 0.16 0.16 0.13 0.00 0.00 0.02 0.03 0.01
0.03 0.31 0.07 0.98 1.00 1.00 0.99 0.00 0.00 0.00 0.00 0.00 0.00 0.00 0.00 0.00 0.00 0.00 0.00 0.00 0.00 0.00 0.00 0.00 0.00 0.00 0.00 0.00 0.00 0.00 0.00 0.00 0.00 0.00 0.00 0.00 0.00 0.02 1.00 1.00 1.00 1.00 0.74 0.00 0.00 0.00 0.00 0.00 0.00 0.00 0.41 0.85 0.79 0.51 0.19 0.02 0.01 0.01 0.00 0.08 0.12 0.01 0.02 0.02 0.03 0.02
0.03 0.00 0.34 0.87 1.00 1.00 1.00 0.00 0.01 1.00 0.04 0.00 0.00 0.00 0.00 0.00 0.00 0.00 0.83 0.00 0.00 0.08 1.00 0.00 0.00 0.00 0.00 0.00 0.00 0.01 0.00 0.00 0.00 0.00 0.00 0.00 0.00 0.00 0.00 0.99 1.00 1.00 1.00 0.89 0.00 0.00 0.00 0.00 0.00 1.00 0.97 0.90 0.66 0.04 0.18 0.00 0.01 0.18 0.00 0.00 0.00 0.00 0.00 0.01 0.00 0.00
0.08 0.19 0.45 0.74 0.58 0.00 0.00 0.00 0.00 0.02 0.00 0.00 0.00 0.00 0.00 0.00 0.00 0.00 0.00 0.00 0.00 0.00 0.02 0.00 0.00 0.00 0.00 0.00 0.00 0.00 0.00 0.00 0.00 0.00 0.00 0.00 0.00 0.00 0.00 0.00 0.74 1.00 1.00 1.00 0.98 0.00 0.00 0.00 0.76 1.00 0.99 0.86 0.53 0.03 0.02 0.02 0.01 0.07 0.00 0.02 0.04 0.02 0.01 0.01 0.01 0.01
0.21 0.35 0.46 0.54 0.89 0.00 0.00 0.00 0.00 0.84 0.00 0.00 0.16 0.36 0.00 0.00 0.00 0.00 0.00 0.00 0.00 0.01 0.01 0.00 0.00 0.00 0.00 0.00 0.00 0.00 0.00 0.00 0.00 0.00 0.00 0.00 0.00 0.00 0.00 0.00 0.00 0.89 1.00 1.00 1.00 0.88 0.05 0.75 0.90 0.98 0.92 0.00 0.00 0.00 0.00 0.00 0.00 0.00 0.00 0.00 0.02 0.00 0.01 0.01 0.00 0.00
0.10 0.16 0.16 0.00 0.00 0.00 0.00 0.00 0.00 0.01 0.00 0.00 0.00 0.00 0.00 0.00 0.00 0.00 0.00 0.00 0.00 0.02 0.00 0.00 0.00 0.00 0.00 0.00 0.00 0.00 0.00 0.00 0.00 0.00 0.00 0.00 0.00 0.00 0.00 0.00 0.00 0.00 0.98 1.00 1.00 1.00 0.98 0.95 0.99 0.96 0.88 0.01 0.00 0.00 0.00 0.01 0.01 0.10 0.03 0.04 0.05 0.06 0.04 0.02 0.01 0.01
0.11 0.13 0.06 0.00 0.00 0.00 0.00 0.00 0.00 0.00 0.00 0.00 0.00 0.00 0.00 0.00 0.00 0.00 0.00 0.00 0.00 0.00 0.00 0.00 0.00 0.00 0.00 0.00 0.00 0.00 0.00 0.00 0.00 0.00 0.00 0.00 0.00 0.00 0.00 0.00 0.00 0.00 0.00 0.88 1.00 1.00 1.00 0.99 0.11 0.02 0.07 0.00 0.00 0.00 0.00 0.00 0.00 0.01 0.00 0.00 0.02 0.02 0.03 0.01 0.01 0.01
0.03 0.00 0.00 0.00 0.00 0.00 0.00 0.00 0.00 0.00 0.00 0.00 0.00 0.02 0.00 0.00 0.00 0.03 0.00 0.00 0.00 0.00 0.00 0.00 0.00 0.00 0.00 0.00 0.00 0.00 0.00 0.00 0.00 0.00 0.00 0.00 0.00 0.00 0.00 0.00 0.00 0.00 0.00 0.05 0.98 1.00 1.00 1.00 0.83 0.00 0.08 0.00 0.00 0.00 0.00 0.00 0.00 0.01 0.01 0.01 0.02 0.05 0.04 0.02 0.01 0.01
0.04 0.00 0.00 0.00 0.00 0.00 0.00 0.00 0.00 0.25 0.00 0.00 0.01 0.09 0.00 0.00 0.00 0.08 0.00 0.00 0.00 0.29 0.00 0.00 0.00 0.00 0.00 0.00 0.00 0.00 0.00 0.00 0.00 0.00 0.00 0.00 0.00 0.00 0.00 0.00 0.00 0.00 0.00 0.75 0.95 0.99 1.00 1.00 1.00 0.90 0.01 0.00 0.00 0.00 0.00 0.00 0.00 0.00 0.00 0.00 0.02 0.02 0.02 0.01 0.00 0.00
0.00 0.00 0.00 0.00 0.00 0.00 0.00 0.00 0.00 0.20 0.00 0.00 0.00 0.01 0.00 0.00 0.00 0.09 0.00 0.00 0.02 0.60 0.06 0.03 0.00 0.00 0.00 0.00 0.00 0.00 0.00 0.00 0.00 0.00 0.00 0.00 0.00 0.00 0.00 0.00 0.00 0.00 0.76 0.90 0.99 0.11 0.83 1.00 1.00 1.00 0.80 0.00 0.00 0.00 0.00 0.06 0.00 0.02 0.03 0.05 0.05 0.08 0.04 0.01 0.01 0.00
0.02 0.00 0.00 0.00 0.24 0.00 0.00 0.00 0.00 0.93 0.00 0.00 0.00 0.01 0.00 0.00 0.00 0.07 0.28 0.00 0.00 0.98 0.97 0.00 0.00 0.00 0.00 0.00 0.00 0.00 0.00 0.00 0.00 0.00 0.00 0.00 0.00 0.00 0.00 0.00 0.00 1.00 1.00 0.98 0.96 0.02 0.00 0.90 1.00 1.00 1.00 0.58 0.02 0.00 0.00 0.11 0.03 0.02 0.02 0.05 0.04 0.04 0.02 0.01 0.00 0.00
0.03 0.04 0.02 0.05 0.00 0.00 0.00 0.00 0.00 0.00 0.00 0.00 0.00 0.00 0.00 0.00 0.00 0.00 0.00 0.00 0.00 0.03 0.82 0.01 0.02 0.00 0.00 0.00 0.00 0.00 0.00 0.00 0.00 0.00 0.00 0.00 0.00 0.00 0.00 0.00 0.41 0.97 0.99 0.92 0.88 0.07 0.08 0.01 0.80 1.00 1.00 1.00 0.90 0.08 0.05 0.32 0.27 0.23 0.13 0.21 0.10 0.09 0.06 0.04 0.02 0.01
0.01 0.00 0.00 0.03 0.00 0.00 0.36 0.00 0.00 0.00 0.00 0.00 0.00 0.00 0.00 0.00 0.00 0.00 0.00 0.00 0.00 0.08 0.96 0.03 0.06 0.00 0.00 0.00 0.00 0.01 0.00 0.00 0.01 0.00 0.00 0.00 0.00 0.00 0.00 0.72 0.85 0.90 0.86 0.00 0.01 0.00 0.00 0.00 0.00 0.58 1.00 1.00 1.00 0.86 0.42 0.38 0.20 0.28 0.01 0.03 0.00 0.02 0.01 0.02 0.01 0.00
0.02 0.00 0.01 0.48 0.01 0.00 0.03 0.00 0.00 0.00 0.00 0.00 0.00 0.00 0.00 0.00 0.00 0.00 0.00 0.00 0.00 0.00 0.11 0.00 0.06 0.00 0.00 0.00 0.00 0.00 0.00 0.00 0.01 0.00 0.00 0.00 0.00 0.07 0.15 0.47 0.79 0.66 0.53 0.00 0.00 0.00 0.00 0.00 0.00 0.02 0.90 1.00 1.00 1.00 0.98 0.42 0.23 0.13 0.01 0.04 0.04 0.11 0.04 0.04 0.03 0.01
0.00 0.00 0.00 0.05 0.00 0.00 0.05 0.00 0.00 0.00 0.00 0.00 0.00 0.00 0.00 0.00 0.00 0.00 0.00 0.00 0.00 0.00 0.01 0.00 0.04 0.00 0.00 0.00 0.01 0.00 0.00 0.01 0.14 0.00 0.00 0.03 0.00 0.61 0.24 0.70 0.51 0.04 0.03 0.00 0.00 0.00 0.00 0.00 0.00 0.00 0.08 0.86 1.00 1.00 1.00 0.98 0.24 0.15 0.01 0.21 0.17 0.19 0.06 0.04 0.03 0.01
0.00 0.02 0.00 0.11 0.00 0.00 0.48 0.00 0.00 0.00 0.00 0.00 0.00 0.00 0.00 0.00 0.00 0.00 0.01 0.00 0.00 0.00 0.49 0.00 0.50 0.01 0.00 0.00 0.40 0.49 0.00 0.00 0.46 0.00 0.00 0.00 0.00 0.16 0.18 0.65 0.19 0.18 0.02 0.00 0.00 0.00 0.00 0.00 0.00 0.00 0.05 0.42 0.98 1.00 1.00 1.00 0.90 0.03 0.00 0.03 0.01 0.05 0.02 0.04 0.03 0.01
0.00 0.01 0.00 0.03 0.00 0.00 0.00 0.00 0.00 0.00 0.00 0.00 0.00 0.00 0.00 0.00 0.00 0.00 0.00 0.00 0.00 0.07 0.25 0.20 0.39 0.03 0.00 0.00 0.12 0.00 0.00 0.01 0.03 0.00 0.00 0.00 0.00 0.16 0.05 0.04 0.02 0.00 0.02 0.00 0.01 0.00 0.00 0.00 0.06 0.11 0.32 0.38 0.42 0.98 1.00 1.00 1.00 1.00 0.16 0.53 0.25 0.19 0.09 0.09 0.05 0.03
0.00 0.00 0.00 0.01 0.00 0.00 0.00 0.00 0.00 0.00 0.00 0.00 0.00 0.00 0.00 0.00 0.00 0.00 0.00 0.00 0.00 0.00 0.11 0.10 0.16 0.05 0.00 0.00 0.07 0.00 0.00 0.03 0.03 0.00 0.00 0.01 0.01 0.15 0.03 0.02 0.01 0.01 0.01 0.00 0.01 0.00 0.00 0.00 0.00 0.03 0.27 0.20 0.23 0.24 0.90 1.00 1.00 1.00 0.88 0.86 0.28 0.13 0.06 0.07 0.03 0.02
0.00 0.00 0.01 0.01 0.00 0.00 0.24 0.00 0.00 0.00 0.00 0.00 0.00 0.00 0.00 0.00 0.00 0.00 0.01 0.00 0.00 0.00 0.27 0.06 0.32 0.06 0.00 0.02 0.24 0.24 0.00 0.03 0.24 0.00 0.00 0.02 0.01 0.13 0.02 0.25 0.01 0.18 0.07 0.00 0.10 0.01 0.01 0.00 0.02 0.02 0.23 0.28 0.13 0.15 0.03 1.00 1.00 1.00 1.00 1.00 0.08 0.07 0.03 0.04 0.02 0.02
0.00 0.00 0.00 0.00 0.00 0.00 0.09 0.00 0.00 0.00 0.00 0.00 0.00 0.00 0.00 0.00 0.00 0.00 0.00 0.00 0.00 0.01 0.03 0.04 0.10 0.06 0.00 0.02 0.21 0.03 0.00 0.05 0.18 0.00 0.00 0.02 0.00 0.14 0.00 0.16 0.00 0.00 0.00 0.00 0.03 0.00 0.01 0.00 0.03 0.02 0.13 0.01 0.01 0.01 0.00 0.16 0.88 1.00 1.00 1.00 0.78 0.18 0.05 0.07 0.04 0.03
0.00 0.01 0.00 0.01 0.00 0.00 0.00 0.00 0.00 0.00 0.00 0.00 0.00 0.00 0.00 0.00 0.00 0.00 0.00 0.00 0.00 0.02 0.04 0.03 0.02 0.01 0.00 0.00 0.02 0.00 0.00 0.01 0.01 0.00 0.00 0.01 0.00 0.16 0.01 0.16 0.08 0.00 0.02 0.00 0.04 0.00 0.01 0.00 0.05 0.05 0.21 0.03 0.04 0.21 0.03 0.53 0.86 1.00 1.00 1.00 1.00 0.77 0.08 0.07 0.04 0.02
0.00 0.00 0.00 0.02 0.00 0.00 0.00 0.00 0.00 0.00 0.00 0.00 0.00 0.00 0.00 0.00 0.00 0.00 0.00 0.00 0.01 0.04 0.05 0.06 0.03 0.02 0.00 0.00 0.01 0.00 0.00 0.01 0.00 0.00 0.00 0.01 0.00 0.16 0.13 0.13 0.12 0.00 0.04 0.02 0.05 0.02 0.02 0.02 0.05 0.04 0.10 0.00 0.04 0.17 0.01 0.25 0.28 0.08 0.78 1.00 1.00 1.00 0.87 0.27 0.13 0.03
0.00 0.01 0.00 0.02 0.00 0.00 0.00 0.00 0.00 0.00 0.00 0.00 0.00 0.00 0.00 0.00 0.00 0.00 0.00 0.00 0.04 0.05 0.05 0.07 0.02 0.02 0.00 0.01 0.00 0.00 0.00 0.01 0.00 0.00 0.00 0.01 0.00 0.05 0.01 0.00 0.01 0.00 0.02 0.00 0.06 0.02 0.05 0.02 0.08 0.04 0.09 0.02 0.11 0.19 0.05 0.19 0.13 0.07 0.18 0.77 1.00 1.00 1.00 0.88 0.21 0.09
0.00 0.00 0.00 0.03 0.00 0.00 0.00 0.00 0.00 0.00 0.00 0.00 0.00 0.00 0.00 0.00 0.00 0.01 0.00 0.01 0.04 0.05 0.03 0.06 0.04 0.02 0.00 0.00 0.02 0.00 0.00 0.01 0.00 0.00 0.00 0.01 0.00 0.05 0.01 0.00 0.02 0.00 0.01 0.01 0.04 0.03 0.04 0.02 0.04 0.02 0.06 0.01 0.04 0.06 0.02 0.09 0.06 0.03 0.05 0.08 0.87 1.00 1.00 1.00 0.76 0.14
0.01 0.00 0.00 0.02 0.00 0.00 0.00 0.00 0.00 0.00 0.00 0.00 0.00 0.00 0.00 0.00 0.00 0.00 0.00 0.02 0.03 0.01 0.01 0.04 0.04 0.03 0.01 0.01 0.02 0.00 0.00 0.03 0.00 0.00 0.01 0.02 0.02 0.13 0.06 0.02 0.02 0.01 0.01 0.01 0.02 0.01 0.02 0.01 0.01 0.01 0.04 0.02 0.04 0.04 0.04 0.09 0.07 0.04 0.07 0.07 0.27 0.88 1.00 1.00 1.00 0.66
0.01 0.00 0.00 0.02 0.00 0.00 0.00 0.00 0.00 0.00 0.00 0.00 0.00 0.00 0.00 0.00 0.00 0.00 0.00 0.01 0.03 0.01 0.00 0.02 0.03 0.04 0.02 0.01 0.02 0.00 0.00 0.04 0.02 0.00 0.01 0.03 0.02 0.12 0.05 0.03 0.03 0.00 0.01 0.00 0.01 0.01 0.01 0.00 0.01 0.00 0.02 0.01 0.03 0.03 0.03 0.05 0.03 0.02 0.04 0.04 0.13 0.21 0.76 1.00 1.00 1.00
0.01 0.00 0.00 0.01 0.00 0.00 0.00 0.00 0.00 0.00 0.00 0.00 0.00 0.00 0.00 0.00 0.00 0.00 0.00 0.00 0.01 0.00 0.00 0.01 0.01 0.04 0.02 0.02 0.01 0.00 0.00 0.04 0.00 0.00 0.01 0.03 0.03 0.10 0.04 0.01 0.02 0.00 0.01 0.00 0.01 0.01 0.01 0.00 0.00 0.00 0.01 0.00 0.01 0.01 0.01 0.03 0.02 0.02 0.03 0.02 0.03 0.09 0.14 0.66 1.00 1.00
