1.00 1.00 0.96 0.17 0.11 0.01 0.00 0.00 0.01 0.06 0.00 0.00 0.08 0.05 0.00 0.00 0.00 0.00 0.00 0.00 0.00 0.01 0.00 0.00 0.00 0.00 0.00 0.00 0.00 0.00 0.00 0.00 0.00 0.00 0.00 0.00 0.00 0.00 0.03 0.00 0.03 0.04 0.09 0.20 0.13 0.13 0.04 0.03 0.00 0.03 0.05 0.02 0.03 0.02 0.01 0.01 0.01 0.02 0.01
1.00 1.00 1.00 0.91 0.15 0.09 0.00 0.00 0.01 0.01 0.00 0.00 0.09 0.01 0.00 0.00 0.00 0.00 0.00 0.00 0.00 0.00 0.00 0.00 0.00 0.00 0.00 0.00 0.00 0.00 0.00 0.00 0.00 0.00 0.00 0.00 0.00 0.00 0.13 0.00 0.37 0.02 0.23 0.32 0.18 0.14 0.01 0.00 0.00 0.00 0.06 0.00 0.00 0.00 0.00 0.00 0.03 0.02 0.00
0.96 1.00 1.00 1.00 0.87 0.02 0.00 0.00 0.01 0.00 0.00 0.00 0.10 0.01 0.00 0.00 0.00 0.00 0.00 0.00 0.00 0.00 0.00 0.00 0.00 0.00 0.00 0.00 0.00 0.00 0.00 0.00 0.00 0.00 0.00 0.00 0.00 0.00 0.04 0.00 0.10 0.31 0.40 0.42 0.18 0.10 0.01 0.01 0.00 0.01 0.07 0.01 0.03 0.02 0.03 0.02 0.02 0.05 0.02
0.17 0.91 1.00 1.00 1.00 0.68 0.00 0.00 0.16 0.00 0.00 0.00 0.01 0.00 0.00 0.00 0.00 0.00 0.00 0.00 0.00 0.00 0.00 0.00 0.00 0.00 0.00 0.00 0.00 0.00 0.00 0.00 0.00 0.00 0.00 0.00 0.00 0.00 0.03 0.00 0.98 0.82 0.65 0.50 0.01 0.00 0.00 0.01 0.01 0.01 0.06 0.04 0.18 0.16 0.12 0.06 0.06 0.06 0.01
0.11 0.15 0.87 1.00 1.00 1.00 0.80 0.00 0.99 1.00 0.00 0.01 0.83 0.60 0.00 0.00 0.00 0.00 0.00 0.00 0.00 0.00 0.00 0.00 0.00 0.00 0.00 0.00 0.00 0.00 0.00 0.00 0.00 0.00 0.00 0.00 0.00 0.00 0.00 0.71 1.00 1.00 0.49 0.90 0.00 0.01 0.00 0.00 0.00 0.11 0.05 0.00 0.00 0.00 0.02 0.01 0.01 0.01 0.00
0.01 0.09 0.02 0.68 1.00 1.00 1.00 1.00 1.00 1.00 0.84 0.00 0.01 0.00 0.00 0.00 0.00 0.00 0.00 0.00 0.00 0.00 0.00 0.00 0.00 0.00 0.00 0.00 0.00 0.00 0.00 0.00 0.00 0.00 0.00 0.00 0.00 0.08 0.90 1.00 1.00 1.00 0.00 0.00 0.00 0.00 0.00 0.00 0.00 0.00 0.00 0.00 0.00 0.00 0.00 0.00 0.00 0.00 0.00
0.00 0.00 0.00 0.00 0.80 1.00 1.00 1.00 1.00 1.00 1.00 0.86 0.00 0.00 0.00 0.00 0.00 0.00 1.00 0.00 0.00 0.00 1.00 0.00 0.01 0.00 0.00 0.00 0.05 1.00 0.00 0.00 1.00 1.00 0.00 0.00 0.02 0.23 0.15 1.00 0.99 1.00 0.00 0.00 0.00 0.00 0.00 0.00 0.00 0.01 0.05 0.38 0.00 0.09 0.56 0.00 0.02 0.08 0.00
0.00 0.00 0.00 0.00 0.00 1.00 1.00 1.00 1.00 1.00 1.00 1.00 0.42 0.00 0.00 0.01 0.00 0.00 0.00 0.00 0.00 0.00 0.00 0.00 0.00 0.00 0.00 0.00 0.00 0.00 0.00 0.00 0.30 1.00 0.36 0.34 0.48 0.33 0.31 0.57 0.00 0.00 0.00 0.00 0.00 0.00 0.00 0.00 0.00 0.00 0.00 0.00 0.00 0.00 0.00 0.00 0.00 0.00 0.00
0.01 0.01 0.01 0.16 0.99 1.00 1.00 1.00 1.00 1.00 1.00 1.00 1.00 0.67 0.00 0.00 0.00 0.00 0.00 0.00 0.00 0.00 0.00 0.00 0.00 0.00 0.00 0.00 0.00 0.00 0.00 0.00 0.00 0.00 0.00 0.00 0.00 0.00 0.01 0.00 0.00 0.01 0.00 0.00 0.00 0.00 0.00 0.00 0.00 0.00 0.01 0.00 0.00 0.00 0.00 0.00 0.01 0.00 0.00
0.06 0.01 0.00 0.00 1.00 1.00 1.00 1.00 1.00 1.00 1.00 1.00 1.00 1.00 0.99 0.00 0.00 0.79 1.00 0.00 0.00 0.99 0.27 0.00 0.00 0.00 0.00 0.00 0.00 0.00 0.00 0.00 0.00 0.00 0.00 0.00 0.00 0.00 0.00 0.00 0.00 1.00 0.14 0.86 0.03 0.02 0.00 0.24 0.13 0.82 0.00 0.00 0.00 0.00 0.00 0.00 0.00 0.00 0.00
0.00 0.00 0.00 0.00 0.00 0.84 1.00 1.00 1.00 1.00 1.00 1.00 1.00 1.00 1.00 1.00 0.00 0.00 1.00 0.00 0.00 0.00 0.00 0.00 0.00 0.00 0.00 0.00 0.00 0.78 0.00 0.00 0.00 1.00 0.00 0.00 0.00 0.00 0.00 0.00 0.00 0.05 0.00 0.00 0.00 0.00 0.00 0.00 0.00 0.00 0.00 0.00 0.00 0.00 0.00 0.00 0.00 0.00 0.00
0.00 0.00 0.00 0.00 0.01 0.00 0.86 1.00 1.00 1.00 1.00 1.00 1.00 1.00 0.99 0.03 0.00 0.00 0.00 0.00 0.00 0.00 0.00 0.00 0.00 0.00 0.00 0.00 0.00 0.00 0.00 0.00 0.00 0.02 0.00 0.00 0.00 0.00 0.00 0.00 0.00 0.00 0.00 0.00 0.00 0.00 0.00 0.00 0.00 0.00 0.00 0.00 0.00 0.00 0.00 0.00 0.01 0.00 0.00
0.08 0.09 0.10 0.01 0.83 0.01 0.00 0.42 1.00 1.00 1.00 1.00 1.00 1.00 0.99 0.00 0.00 0.00 0.00 0.00 0.00 0.00 0.00 0.00 0.00 0.00 0.00 0.00 0.00 0.00 0.00 0.00 0.00 0.00 0.00 0.00 0.00 0.00 0.00 0.00 0.00 0.00 0.00 0.20 0.00 0.01 0.01 0.02 0.01 0.04 0.06 0.02 0.03 0.02 0.01 0.01 0.01 0.01 0.00
0.05 0.01 0.01 0.00 0.60 0.00 0.00 0.00 0.67 1.00 1.00 1.00 1.00 1.00 1.00 0.13 0.03 1.00 0.96 0.00 0.00 0.09 0.00 0.00 0.00 0.00 0.00 0.00 0.00 0.00 0.00 0.00 0.00 0.00 0.00 0.00 0.00 0.00 0.00 0.00 0.00 0.00 0.01 0.38 0.01 0.01 0.04 0.08 0.02 0.07 0.05 0.00 0.00 0.00 0.00 0.00 0.00 0.00 0.00
0.00 0.00 0.00 0.00 0.00 0.00 0.00 0.00 0.00 0.99 1.00 0.99 0.99 1.00 1.00 1.00 1.00 1.00 1.00 0.58 0.00 0.00 0.00 0.00 0.00 0.00 0.00 0.00 0.00 0.00 0.00 0.00 0.00 0.00 0.00 0.00 0.00 0.00 0.00 0.00 0.00 0.00 0.00 0.00 0.00 0.00 0.00 0.00 0.00 0.00 0.00 0.00 0.00 0.00 0.00 0.00 0.00 0.00 0.00
0.00 0.00 0.00 0.00 0.00 0.00 0.00 0.01 0.00 0.00 1.00 0.03 0.00 0.13 1.00 1.00 1.00 1.00 1.00 1.00 0.69 0.00 0.00 0.00 0.00 0.00 0.98 0.05 0.00 1.00 0.98 0.00 0.00 0.94 0.09 0.00 0.00 0.00 0.00 0.00 0.00 0.00 0.00 0.00 0.00 0.00 0.00 0.00 0.00 0.00 0.00 0.00 0.00 0.00 0.00 0.00 0.00 0.00 0.00
0.00 0.00 0.00 0.00 0.00 0.00 0.00 0.00 0.00 0.00 0.00 0.00 0.00 0.03 1.00 1.00 1.00 1.00 1.00 1.00 1.00 0.41 0.00 0.00 0.00 0.00 0.99 0.00 0.00 0.02 0.01 0.00 0.00 0.00 0.00 0.00 0.00 0.00 0.00 0.00 0.00 0.00 0.00 0.00 0.00 0.00 0.00 0.00 0.00 0.00 0.00 0.00 0.00 0.00 0.00 0.00 0.00 0.00 0.00
0.00 0.00 0.00 0.00 0.00 0.00 0.00 0.00 0.00 0.79 0.00 0.00 0.00 1.00 1.00 1.00 1.00 1.00 1.00 1.00 1.00 1.00 0.85 0.00 0.00 0.00 0.00 0.00 0.00 0.00 0.00 0.00 0.00 0.00 0.00 0.00 0.00 0.00 0.00 0.00 0.00 0.00 0.00 0.01 0.01 0.01 0.02 0.03 0.04 0.05 0.00 0.00 0.00 0.00 0.00 0.00 0.00 0.00 0.00
0.00 0.00 0.00 0.00 0.00 0.00 1.00 0.00 0.00 1.00 1.00 0.00 0.00 0.96 1.00 1.00 1.00 1.00 1.00 1.00 1.00 1.00 1.00 0.79 0.30 0.00 0.05 0.00 0.00 1.00 0.00 0.00 0.00 0.66 0.00 0.00 0.00 0.00 0.00 0.00 0.00 0.80 0.00 0.00 0.00 0.00 0.00 0.00 0.00 0.18 0.00 0.00 0.00 0.00 0.01 0.00 0.00 0.00 0.00
0.00 0.00 0.00 0.00 0.00 0.00 0.00 0.00 0.00 0.00 0.00 0.00 0.00 0.00 0.58 1.00 1.00 1.00 1.00 1.00 1.00 1.00 1.00 1.00 1.00 0.99 1.00 0.00 0.01 1.00 0.00 0.00 0.00 0.00 0.00 0.00 0.00 0.00 0.00 0.00 0.00 0.00 0.00 0.00 0.00 0.00 0.00 0.00 0.00 0.00 0.00 0.00 0.00 0.00 0.00 0.00 0.00 0.00 0.00
0.00 0.00 0.00 0.00 0.00 0.00 0.00 0.00 0.00 0.00 0.00 0.00 0.00 0.00 0.00 0.69 1.00 1.00 1.00 1.00 1.00 1.00 1.00 1.00 0.77 0.00 0.02 0.00 0.00 0.00 0.00 0.00 0.00 0.00 0.00 0.00 0.00 0.00 0.00 0.00 0.00 0.00 0.00 0.00 0.00 0.00 0.00 0.00 0.01 0.00 0.00 0.00 0.00 0.00 0.00 0.00 0.00 0.00 0.00
0.01 0.00 0.00 0.00 0.00 0.00 0.00 0.00 0.00 0.99 0.00 0.00 0.00 0.09 0.00 0.00 0.41 1.00 1.00 1.00 1.00 1.00 1.00 1.00 0.00 0.00 0.00 0.00 0.00 0.00 0.00 0.00 0.00 0.00 0.00 0.00 0.00 0.00 0.00 0.00 0.00 0.19 0.06 0.02 0.02 0.03 0.02 0.24 0.55 0.84 0.02 0.02 0.00 0.00 0.00 0.07 0.01 0.00 0.00
0.00 0.00 0.00 0.00 0.00 0.00 1.00 0.00 0.00 0.27 0.00 0.00 0.00 0.00 0.00 0.00 0.00 0.85 1.00 1.00 1.00 1.00 1.00 1.00 1.00 0.00 0.00 0.00 0.00 1.00 0.00 0.00 0.00 0.00 0.00 0.00 0.00 0.00 0.00 0.23 0.05 1.00 0.01 0.01 0.00 0.00 0.00 0.00 0.09 0.87 0.75 0.77 0.04 0.02 0.61 0.36 0.21 0.11 0.02
0.00 0.00 0.00 0.00 0.00 0.00 0.00 0.00 0.00 0.00 0.00 0.00 0.00 0.00 0.00 0.00 0.00 0.00 0.79 1.00 1.00 1.00 1.00 1.00 1.00 0.22 0.00 0.00 0.00 0.00 0.00 0.00 0.00 0.00 0.00 0.00 0.00 0.00 0.00 0.00 0.00 0.00 0.00 0.00 0.00 0.00 0.00 0.00 0.02 0.00 0.01 0.01 0.00 0.00 0.01 0.23 0.20 0.10 0.03
0.00 0.00 0.00 0.00 0.00 0.00 0.01 0.00 0.00 0.00 0.00 0.00 0.00 0.00 0.00 0.00 0.00 0.00 0.30 1.00 0.77 0.00 1.00 1.00 1.00 1.00 0.98 0.00 1.00 1.00 0.00 0.00 0.01 0.00 0.00 0.00 0.00 0.00 0.00 0.00 0.00 0.00 0.00 0.00 0.00 0.00 0.00 0.00 0.00 0.00 0.07 0.06 0.01 0.01 0.60 0.51 0.31 0.24 0.07
0.00 0.00 0.00 0.00 0.00 0.00 0.00 0.00 0.00 0.00 0.00 0.00 0.00 0.00 0.00 0.00 0.00 0.00 0.00 0.99 0.00 0.00 0.00 0.22 1.00 1.00 1.00 1.00 1.00 1.00 0.25 0.04 0.00 0.00 0.00 0.00 0.00 0.00 0.00 0.00 0.00 0.00 0.00 0.00 0.00 0.00 0.00 0.00 0.00 0.00 0.00 0.00 0.00 0.00 0.01 0.02 0.10 0.14 0.08
0.00 0.00 0.00 0.00 0.00 0.00 0.00 0.00 0.00 0.00 0.00 0.00 0.00 0.00 0.00 0.98 0.99 0.00 0.05 1.00 0.02 0.00 0.00 0.00 0.98 1.00 1.00 1.00 1.00 1.00 1.00 0.70 0.00 0.02 0.00 0.00 0.00 0.00 0.00 0.00 0.00 0.00 0.00 0.00 0.00 0.00 0.00 0.00 0.00 0.00 0.00 0.00 0.00 0.00 0.00 0.00 0.00 0.00 0.00
0.00 0.00 0.00 0.00 0.00 0.00 0.00 0.00 0.00 0.00 0.00 0.00 0.00 0.00 0.00 0.05 0.00 0.00 0.00 0.00 0.00 0.00 0.00 0.00 0.00 1.00 1.00 1.00 1.00 1.00 1.00 1.00 0.70 0.00 0.00 0.00 0.00 0.00 0.00 0.00 0.00 0.00 0.00 0.00 0.00 0.00 0.00 0.00 0.00 0.00 0.00 0.00 0.00 0.00 0.00 0.00 0.01 0.06 0.04
0.00 0.00 0.00 0.00 0.00 0.00 0.05 0.00 0.00 0.00 0.00 0.00 0.00 0.00 0.00 0.00 0.00 0.00 0.00 0.01 0.00 0.00 0.00 0.00 1.00 1.00 1.00 1.00 1.00 1.00 1.00 1.00 1.00 0.52 0.00 0.00 0.00 0.03 0.00 0.00 0.00 0.00 0.00 0.00 0.00 0.00 0.00 0.00 0.00 0.00 0.06 0.00 0.00 0.01 0.48 0.12 0.12 0.17 0.06
0.00 0.00 0.00 0.00 0.00 0.00 1.00 0.00 0.00 0.00 0.78 0.00 0.00 0.00 0.00 1.00 0.02 0.00 1.00 1.00 0.00 0.00 1.00 0.00 1.00 1.00 1.00 1.00 1.00 1.00 1.00 1.00 1.00 1.00 0.82 0.00 0.00 0.00 0.00 0.03 0.00 0.02 0.00 0.00 0.00 0.00 0.00 0.00 0.00 0.00 0.06 0.02 0.00 0.01 0.59 0.00 0.01 0.08 0.01
0.00 0.00 0.00 0.00 0.00 0.00 0.00 0.00 0.00 0.00 0.00 0.00 0.00 0.00 0.00 0.98 0.01 0.00 0.00 0.00 0.00 0.00 0.00 0.00 0.00 0.25 1.00 1.00 1.00 1.00 1.00 1.00 1.00 1.00 1.00 0.51 0.00 0.00 0.00 0.00 0.00 0.00 0.00 0.00 0.00 0.00 0.00 0.00 0.00 0.00 0.00 0.00 0.00 0.00 0.00 0.00 0.00 0.00 0.00
0.00 0.00 0.00 0.00 0.00 0.00 0.00 0.00 0.00 0.00 0.00 0.00 0.00 0.00 0.00 0.00 0.00 0.00 0.00 0.00 0.00 0.00 0.00 0.00 0.00 0.04 0.70 1.00 1.00 1.00 1.00 1.00 1.00 1.00 1.00 1.00 0.21 0.15 0.00 0.00 0.00 0.00 0.00 0.00 0.00 0.00 0.00 0.00 0.00 0.00 0.01 0.00 0.00 0.01 0.01 0.02 0.03 0.08 0.05
0.00 0.00 0.00 0.00 0.00 0.00 1.00 0.30 0.00 0.00 0.00 0.00 0.00 0.00 0.00 0.00 0.00 0.00 0.00 0.00 0.00 0.00 0.00 0.00 0.01 0.00 0.00 0.70 1.00 1.00 1.00 1.00 1.00 1.00 1.00 1.00 0.43 0.56 0.03 0.98 0.00 0.00 0.00 0.00 0.00 0.00 0.00 0.00 0.00 0.00 0.06 0.00 0.00 0.21 0.55 0.04 0.03 0.09 0.03
0.00 0.00 0.00 0.00 0.00 0.00 1.00 1.00 0.00 0.00 1.00 0.02 0.00 0.00 0.00 0.94 0.00 0.00 0.66 0.00 0.00 0.00 0.00 0.00 0.00 0.00 0.02 0.00 0.52 1.00 1.00 1.00 1.00 1.00 1.00 1.00 0.44 0.31 0.01 0.21 0.00 0.00 0.00 0.00 0.00 0.00 0.00 0.00 0.00 0.00 0.00 0.00 0.00 0.00 0.00 0.00 0.00 0.00 0.00
0.00 0.00 0.00 0.00 0.00 0.00 0.00 0.36 0.00 0.00 0.00 0.00 0.00 0.00 0.00 0.09 0.00 0.00 0.00 0.00 0.00 0.00 0.00 0.00 0.00 0.00 0.00 0.00 0.00 0.82 1.00 1.00 1.00 1.00 1.00 1.00 0.98 0.00 0.00 0.00 0.00 0.00 0.00 0.00 0.00 0.00 0.00 0.00 0.00 0.00 0.00 0.00 0.00 0.00 0.00 0.00 0.00 0.00 0.00
0.00 0.00 0.00 0.00 0.00 0.00 0.00 0.34 0.00 0.00 0.00 0.00 0.00 0.00 0.00 0.00 0.00 0.00 0.00 0.00 0.00 0.00 0.00 0.00 0.00 0.00 0.00 0.00 0.00 0.00 0.51 1.00 1.00 1.00 1.00 1.00 1.00 0.99 0.02 0.54 0.00 0.00 0.00 0.00 0.00 0.00 0.00 0.00 0.00 0.00 0.00 0.00 0.00 0.02 0.01 0.00 0.01 0.03 0.02
0.00 0.00 0.00 0.00 0.00 0.00 0.02 0.48 0.00 0.00 0.00 0.00 0.00 0.00 0.00 0.00 0.00 0.00 0.00 0.00 0.00 0.00 0.00 0.00 0.00 0.00 0.00 0.00 0.00 0.00 0.00 0.21 0.43 0.44 0.98 1.00 1.00 1.00 0.86 0.02 0.00 0.00 0.00 0.00 0.00 0.00 0.00 0.00 0.00 0.00 0.00 0.00 0.00 0.00 0.00 0.00 0.00 0.01 0.00
0.00 0.00 0.00 0.00 0.00 0.08 0.23 0.33 0.00 0.00 0.00 0.00 0.00 0.00 0.00 0.00 0.00 0.00 0.00 0.00 0.00 0.00 0.00 0.00 0.00 0.00 0.00 0.00 0.03 0.00 0.00 0.15 0.56 0.31 0.00 0.99 1.00 1.00 1.00 1.00 0.03 0.00 0.00 0.00 0.00 0.00 0.00 0.00 0.00 0.00 0.03 0.02 0.09 0.59 0.12 0.10 0.12 0.13 0.08
0.03 0.13 0.04 0.03 0.00 0.90 0.15 0.31 0.01 0.00 0.00 0.00 0.00 0.00 0.00 0.00 0.00 0.00 0.00 0.00 0.00 0.00 0.00 0.00 0.00 0.00 0.00 0.00 0.00 0.00 0.00 0.00 0.03 0.01 0.00 0.02 0.86 1.00 1.00 1.00 0.99 0.00 0.00 0.00 0.00 0.00 0.00 0.00 0.00 0.00 0.00 0.02 0.11 0.17 0.08 0.03 0.03 0.03 0.01
0.00 0.00 0.00 0.00 0.71 1.00 1.00 0.57 0.00 0.00 0.00 0.00 0.00 0.00 0.00 0.00 0.00 0.00 0.00 0.00 0.00 0.00 0.23 0.00 0.00 0.00 0.00 0.00 0.00 0.03 0.00 0.00 0.98 0.21 0.00 0.54 0.02 1.00 1.00 1.00 1.00 0.99 0.00 0.00 0.00 0.00 0.00 0.00 0.00 0.06 0.06 0.73 0.24 0.69 0.63 0.06 0.09 0.09 0.01
0.03 0.37 0.10 0.98 1.00 1.00 0.99 0.00 0.00 0.00 0.00 0.00 0.00 0.00 0.00 0.00 0.00 0.00 0.00 0.00 0.00 0.00 0.05 0.00 0.00 0.00 0.00 0.00 0.00 0.00 0.00 0.00 0.00 0.00 0.00 0.00 0.00 0.03 0.99 1.00 1.00 1.00 0.81 0.00 0.00 0.00 0.00 0.01 0.04 0.04 0.29 0.70 0.44 0.40 0.13 0.02 0.02 0.02 0.01
0.04 0.02 0.31 0.82 1.00 1.00 1.00 0.00 0.01 1.00 0.05 0.00 0.00 0.00 0.00 0.00 0.00 0.00 0.80 0.00 0.00 0.19 1.00 0.00 0.00 0.00 0.00 0.00 0.00 0.02 0.00 0.00 0.00 0.00 0.00 0.00 0.00 0.00 0.00 0.99 1.00 1.00 1.00 0.90 0.00 0.02 0.00 0.01 0.06 0.89 0.77 0.75 0.25 0.11 0.30 0.05 0.04 0.05 0.00
0.09 0.23 0.40 0.65 0.49 0.00 0.00 0.00 0.00 0.14 0.00 0.00 0.00 0.01 0.00 0.00 0.00 0.00 0.00 0.00 0.00 0.06 0.01 0.00 0.00 0.00 0.00 0.00 0.00 0.00 0.00 0.00 0.00 0.00 0.00 0.00 0.00 0.00 0.00 0.00 0.81 1.00 1.00 1.00 0.95 0.05 0.04 0.04 0.75 0.85 0.84 0.69 0.32 0.12 0.06 0.01 0.01 0.07 0.00
0.20 0.32 0.42 0.50 0.90 0.00 0.00 0.00 0.00 0.86 0.00 0.00 0.20 0.38 0.00 0.00 0.00 0.01 0.00 0.00 0.00 0.02 0.01 0.00 0.00 0.00 0.00 0.00 0.00 0.00 0.00 0.00 0.00 0.00 0.00 0.00 0.00 0.00 0.00 0.00 0.00 0.90 1.00 1.00 1.00 0.90 0.01 0.69 0.78 0.90 0.84 0.00 0.00 0.01 0.03 0.00 0.00 0.00 0.00
0.13 0.18 0.18 0.01 0.00 0.00 0.00 0.00 0.00 0.03 0.00 0.00 0.00 0.01 0.00 0.00 0.00 0.01 0.00 0.00 0.00 0.02 0.00 0.00 0.00 0.00 0.00 0.00 0.00 0.00 0.00 0.00 0.00 0.00 0.00 0.00 0.00 0.00 0.00 0.00 0.00 0.00 0.95 1.00 1.00 1.00 0.99 0.89 0.89 0.88 0.77 0.07 0.00 0.00 0.00 0.00 0.00 0.07 0.01
0.13 0.14 0.10 0.00 0.01 0.00 0.00 0.00 0.00 0.02 0.00 0.00 0.01 0.01 0.00 0.00 0.00 0.01 0.00 0.00 0.00 0.03 0.00 0.00 0.00 0.00 0.00 0.00 0.00 0.00 0.00 0.00 0.00 0.00 0.00 0.00 0.00 0.00 0.00 0.00 0.00 0.02 0.05 0.90 1.00 1.00 1.00 0.99 0.06 0.02 0.10 0.07 0.06 0.02 0.01 0.00 0.00 0.01 0.00
0.04 0.01 0.01 0.00 0.00 0.00 0.00 0.00 0.00 0.00 0.00 0.00 0.01 0.04 0.00 0.00 0.00 0.02 0.00 0.00 0.00 0.02 0.00 0.00 0.00 0.00 0.00 0.00 0.00 0.00 0.00 0.00 0.00 0.00 0.00 0.00 0.00 0.00 0.00 0.00 0.00 0.00 0.04 0.01 0.99 1.00 1.00 1.00 0.88 0.09 0.13 0.05 0.03 0.00 0.00 0.00 0.00 0.01 0.00
0.03 0.00 0.01 0.01 0.00 0.00 0.00 0.00 0.00 0.24 0.00 0.00 0.02 0.08 0.00 0.00 0.00 0.03 0.00 0.00 0.00 0.24 0.00 0.00 0.00 0.00 0.00 0.00 0.00 0.00 0.00 0.00 0.00 0.00 0.00 0.00 0.00 0.00 0.00 0.00 0.01 0.01 0.04 0.69 0.89 0.99 1.00 1.00 1.00 0.93 0.09 0.08 0.04 0.00 0.00 0.00 0.00 0.00 0.00
0.00 0.00 0.00 0.01 0.00 0.00 0.00 0.00 0.00 0.13 0.00 0.00 0.01 0.02 0.00 0.00 0.00 0.04 0.00 0.00 0.01 0.55 0.09 0.02 0.00 0.00 0.00 0.00 0.00 0.00 0.00 0.00 0.00 0.00 0.00 0.00 0.00 0.00 0.00 0.00 0.04 0.06 0.75 0.78 0.89 0.06 0.88 1.00 1.00 1.00 0.84 0.00 0.00 0.00 0.00 0.03 0.00 0.03 0.00
0.03 0.00 0.01 0.01 0.11 0.00 0.01 0.00 0.00 0.82 0.00 0.00 0.04 0.07 0.00 0.00 0.00 0.05 0.18 0.00 0.00 0.84 0.87 0.00 0.00 0.00 0.00 0.00 0.00 0.00 0.00 0.00 0.00 0.00 0.00 0.00 0.00 0.00 0.00 0.06 0.04 0.89 0.85 0.90 0.88 0.02 0.09 0.93 1.00 1.00 1.00 0.56 0.02 0.08 0.01 0.10 0.01 0.01 0.00
0.05 0.06 0.07 0.06 0.05 0.00 0.05 0.00 0.01 0.00 0.00 0.00 0.06 0.05 0.00 0.00 0.00 0.00 0.00 0.00 0.00 0.02 0.75 0.01 0.07 0.00 0.00 0.00 0.06 0.06 0.00 0.01 0.06 0.00 0.00 0.00 0.00 0.03 0.00 0.06 0.29 0.77 0.84 0.84 0.77 0.10 0.13 0.09 0.84 1.00 1.00 1.00 0.90 0.15 0.07 0.38 0.26 0.24 0.06
0.02 0.00 0.01 0.04 0.00 0.00 0.38 0.00 0.00 0.00 0.00 0.00 0.02 0.00 0.00 0.00 0.00 0.00 0.00 0.00 0.00 0.02 0.77 0.01 0.06 0.00 0.00 0.00 0.00 0.02 0.00 0.00 0.00 0.00 0.00 0.00 0.00 0.02 0.02 0.73 0.70 0.75 0.69 0.00 0.07 0.07 0.05 0.08 0.00 0.56 1.00 1.00 1.00 0.93 0.63 0.51 0.12 0.10 0.00
0.03 0.00 0.03 0.18 0.00 0.00 0.00 0.00 0.00 0.00 0.00 0.00 0.03 0.00 0.00 0.00 0.00 0.00 0.00 0.00 0.00 0.00 0.04 0.00 0.01 0.00 0.00 0.00 0.00 0.00 0.00 0.00 0.00 0.00 0.00 0.00 0.00 0.09 0.11 0.24 0.44 0.25 0.32 0.00 0.00 0.06 0.03 0.04 0.00 0.02 0.90 1.00 1.00 1.00 0.99 0.59 0.26 0.21 0.00
0.02 0.00 0.02 0.16 0.00 0.00 0.09 0.00 0.00 0.00 0.00 0.00 0.02 0.00 0.00 0.00 0.00 0.00 0.00 0.00 0.00 0.00 0.02 0.00 0.01 0.00 0.00 0.00 0.01 0.01 0.00 0.01 0.21 0.00 0.00 0.02 0.00 0.59 0.17 0.69 0.40 0.11 0.12 0.01 0.00 0.02 0.00 0.00 0.00 0.08 0.15 0.93 1.00 1.00 1.00 0.94 0.14 0.06 0.00
0.01 0.00 0.03 0.12 0.02 0.00 0.56 0.00 0.00 0.00 0.00 0.00 0.01 0.00 0.00 0.00 0.00 0.00 0.01 0.00 0.00 0.00 0.61 0.01 0.60 0.01 0.00 0.00 0.48 0.59 0.00 0.01 0.55 0.00 0.00 0.01 0.00 0.12 0.08 0.63 0.13 0.30 0.06 0.03 0.00 0.01 0.00 0.00 0.00 0.01 0.07 0.63 0.99 1.00 1.00 1.00 0.86 0.08 0.00
0.01 0.00 0.02 0.06 0.01 0.00 0.00 0.00 0.00 0.00 0.00 0.00 0.01 0.00 0.00 0.00 0.00 0.00 0.00 0.00 0.00 0.07 0.36 0.23 0.51 0.02 0.00 0.00 0.12 0.00 0.00 0.02 0.04 0.00 0.00 0.00 0.00 0.10 0.03 0.06 0.02 0.05 0.01 0.00 0.00 0.00 0.00 0.00 0.03 0.10 0.38 0.51 0.59 0.94 1.00 1.00 1.00 0.99 0.19
0.01 0.03 0.02 0.06 0.01 0.00 0.02 0.00 0.01 0.00 0.00 0.01 0.01 0.00 0.00 0.00 0.00 0.00 0.00 0.00 0.00 0.01 0.21 0.20 0.31 0.10 0.00 0.01 0.12 0.01 0.00 0.03 0.03 0.00 0.00 0.01 0.00 0.12 0.03 0.09 0.02 0.04 0.01 0.00 0.00 0.00 0.00 0.00 0.00 0.01 0.26 0.12 0.26 0.14 0.86 1.00 1.00 1.00 0.76
0.02 0.02 0.05 0.06 0.01 0.00 0.08 0.00 0.00 0.00 0.00 0.00 0.01 0.00 0.00 0.00 0.00 0.00 0.00 0.00 0.00 0.00 0.11 0.10 0.24 0.14 0.00 0.06 0.17 0.08 0.00 0.08 0.09 0.00 0.00 0.03 0.01 0.13 0.03 0.09 0.02 0.05 0.07 0.00 0.07 0.01 0.01 0.00 0.03 0.01 0.24 0.10 0.21 0.06 0.08 0.99 1.00 1.00 1.00
0.01 0.00 0.02 0.01 0.00 0.00 0.00 0.00 0.00 0.00 0.00 0.00 0.00 0.00 0.00 0.00 0.00 0.00 0.00 0.00 0.00 0.00 0.02 0.03 0.07 0.08 0.00 0.04 0.06 0.01 0.00 0.05 0.03 0.00 0.00 0.02 0.00 0.08 0.01 0.01 0.01 0.00 0.00 0.00 0.01 0.00 0.00 0.00 0.00 0.00 0.06 0.00 0.00 0.00 0.00 0.19 0.76 1.00 1.00
