1.00 1.00 0.96 0.16 0.14 0.01 0.00 0.00 0.01 0.10 0.00 0.00 0.08 0.06 0.00 0.00 0.00 0.00 0.01 0.00 0.00 0.04 0.03 0.00 0.00 0.00 0.00 0.00 0.00 0.00 0.00 0.00 0.00 0.00 0.00 0.00 0.00 0.00 0.02 0.00 0.06 0.10 0.13 0.16 0.07 0.08 0.02 0.02 0.01 0.02 0.03 0.03 0.03 0.01 0.00 0.00 0.01 0.00 0.00
1.00 1.00 1.00 0.94 0.22 0.07 0.00 0.00 0.02 0.01 0.00 0.00 0.11 0.01 0.00 0.00 0.00 0.00 0.00 0.00 0.00 0.00 0.00 0.00 0.00 0.00 0.00 0.00 0.00 0.00 0.00 0.00 0.00 0.00 0.00 0.00 0.00 0.00 0.11 0.00 0.37 0.06 0.21 0.26 0.12 0.10 0.00 0.00 0.00 0.00 0.01 0.00 0.00 0.00 0.00 0.00 0.00 0.00 0.00
0.96 1.00 1.00 1.00 0.89 0.03 0.00 0.00 0.02 0.01 0.00 0.00 0.08 0.01 0.00 0.00 0.00 0.00 0.00 0.00 0.00 0.00 0.00 0.00 0.00 0.00 0.00 0.00 0.00 0.00 0.00 0.00 0.00 0.00 0.00 0.00 0.00 0.00 0.04 0.00 0.17 0.28 0.35 0.37 0.11 0.03 0.00 0.00 0.00 0.00 0.00 0.00 0.00 0.00 0.00 0.00 0.00 0.00 0.00
0.16 0.94 1.00 1.00 1.00 0.71 0.00 0.00 0.16 0.00 0.00 0.00 0.01 0.00 0.00 0.00 0.00 0.00 0.00 0.00 0.00 0.00 0.00 0.00 0.00 0.00 0.00 0.00 0.00 0.00 0.00 0.00 0.00 0.00 0.00 0.00 0.00 0.00 0.03 0.00 0.98 0.76 0.62 0.45 0.01 0.00 0.01 0.01 0.01 0.00 0.03 0.05 0.16 0.07 0.04 0.01 0.01 0.02 0.01
0.14 0.22 0.89 1.00 1.00 1.00 0.81 0.00 0.99 1.00 0.00 0.01 0.81 0.57 0.00 0.00 0.00 0.00 0.00 0.00 0.00 0.00 0.00 0.00 0.00 0.00 0.00 0.00 0.00 0.00 0.00 0.00 0.00 0.00 0.00 0.00 0.00 0.00 0.00 0.70 1.00 1.00 0.41 0.81 0.00 0.00 0.00 0.00 0.01 0.14 0.00 0.00 0.00 0.00 0.00 0.00 0.00 0.00 0.00
0.01 0.07 0.03 0.71 1.00 1.00 1.00 1.00 1.00 1.00 0.85 0.00 0.01 0.00 0.00 0.00 0.00 0.00 0.00 0.00 0.00 0.00 0.00 0.00 0.00 0.00 0.00 0.00 0.00 0.00 0.00 0.00 0.00 0.00 0.00 0.00 0.00 0.02 0.92 1.00 1.00 1.00 0.00 0.00 0.00 0.00 0.00 0.00 0.00 0.00 0.00 0.00 0.00 0.00 0.00 0.00 0.00 0.00 0.00
0.00 0.00 0.00 0.00 0.81 1.00 1.00 1.00 1.00 1.00 1.00 0.87 0.00 0.00 0.00 0.01 0.00 0.00 1.00 0.00 0.00 0.00 0.99 0.00 0.01 0.00 0.00 0.00 0.04 1.00 0.00 0.00 1.00 1.00 0.00 0.00 0.01 0.11 0.05 1.00 0.99 1.00 0.00 0.00 0.00 0.03 0.00 0.00 0.00 0.13 0.04 0.36 0.00 0.05 0.65 0.00 0.00 0.01 0.00
0.00 0.00 0.00 0.00 0.00 1.00 1.00 1.00 1.00 1.00 1.00 1.00 0.43 0.00 0.00 0.00 0.00 0.00 0.00 0.00 0.00 0.00 0.00 0.00 0.00 0.00 0.00 0.00 0.00 0.00 0.00 0.00 0.42 1.00 0.47 0.47 0.52 0.41 0.36 0.69 0.00 0.00 0.00 0.00 0.00 0.00 0.00 0.00 0.00 0.00 0.00 0.00 0.00 0.00 0.00 0.00 0.00 0.00 0.00
0.01 0.02 0.02 0.16 0.99 1.00 1.00 1.00 1.00 1.00 1.00 1.00 1.00 0.65 0.00 0.00 0.00 0.00 0.00 0.00 0.00 0.00 0.00 0.00 0.00 0.00 0.00 0.00 0.00 0.00 0.00 0.00 0.00 0.00 0.00 0.00 0.00 0.00 0.02 0.00 0.00 0.01 0.00 0.00 0.00 0.00 0.00 0.00 0.00 0.00 0.00 0.00 0.00 0.00 0.00 0.00 0.00 0.00 0.00
0.10 0.01 0.01 0.00 1.00 1.00 1.00 1.00 1.00 1.00 1.00 1.00 1.00 1.00 0.98 0.00 0.00 0.75 1.00 0.00 0.00 0.99 0.31 0.00 0.00 0.00 0.00 0.00 0.00 0.00 0.00 0.00 0.00 0.00 0.00 0.00 0.00 0.00 0.00 0.00 0.00 1.00 0.08 0.73 0.05 0.01 0.01 0.22 0.11 0.75 0.00 0.00 0.00 0.00 0.00 0.00 0.00 0.00 0.00
0.00 0.00 0.00 0.00 0.00 0.85 1.00 1.00 1.00 1.00 1.00 1.00 1.00 1.00 1.00 1.00 0.00 0.00 1.00 0.00 0.00 0.00 0.00 0.00 0.00 0.00 0.00 0.00 0.00 0.75 0.00 0.00 0.00 1.00 0.00 0.00 0.00 0.00 0.00 0.00 0.00 0.05 0.00 0.00 0.00 0.00 0.00 0.00 0.00 0.00 0.00 0.00 0.00 0.00 0.00 0.00 0.00 0.00 0.00
0.00 0.00 0.00 0.00 0.01 0.00 0.87 1.00 1.00 1.00 1.00 1.00 1.00 1.00 0.99 0.03 0.00 0.00 0.00 0.00 0.00 0.00 0.00 0.00 0.00 0.00 0.00 0.00 0.00 0.00 0.00 0.00 0.00 0.02 0.00 0.00 0.00 0.00 0.00 0.00 0.00 0.00 0.00 0.00 0.00 0.00 0.00 0.00 0.00 0.00 0.00 0.00 0.00 0.00 0.00 0.00 0.00 0.00 0.00
0.08 0.11 0.08 0.01 0.81 0.01 0.00 0.43 1.00 1.00 1.00 1.00 1.00 1.00 0.99 0.00 0.00 0.00 0.00 0.00 0.00 0.00 0.00 0.00 0.00 0.00 0.00 0.00 0.00 0.00 0.00 0.00 0.00 0.00 0.00 0.00 0.00 0.00 0.00 0.00 0.00 0.00 0.00 0.14 0.00 0.00 0.00 0.00 0.00 0.00 0.00 0.00 0.00 0.00 0.00 0.00 0.00 0.00 0.00
0.06 0.01 0.01 0.00 0.57 0.00 0.00 0.00 0.65 1.00 1.00 1.00 1.00 1.00 1.00 0.12 0.01 1.00 0.96 0.00 0.00 0.11 0.00 0.00 0.00 0.00 0.00 0.00 0.00 0.00 0.00 0.00 0.00 0.00 0.00 0.00 0.00 0.00 0.00 0.00 0.00 0.00 0.00 0.26 0.01 0.00 0.01 0.03 0.00 0.01 0.00 0.00 0.00 0.00 0.00 0.00 0.00 0.00 0.00
0.00 0.00 0.00 0.00 0.00 0.00 0.00 0.00 0.00 0.98 1.00 0.99 0.99 1.00 1.00 1.00 1.00 1.00 1.00 0.52 0.00 0.00 0.00 0.00 0.00 0.00 0.00 0.00 0.00 0.00 0.00 0.00 0.00 0.00 0.00 0.00 0.00 0.00 0.00 0.00 0.00 0.00 0.00 0.00 0.00 0.00 0.00 0.00 0.00 0.00 0.00 0.00 0.00 0.00 0.00 0.00 0.00 0.00 0.00
0.00 0.00 0.00 0.00 0.00 0.00 0.01 0.00 0.00 0.00 1.00 0.03 0.00 0.12 1.00 1.00 1.00 1.00 1.00 1.00 0.47 0.00 0.00 0.00 0.00 0.00 0.98 0.03 0.00 1.00 0.98 0.00 0.00 0.97 0.09 0.00 0.00 0.00 0.00 0.00 0.00 0.00 0.00 0.00 0.00 0.00 0.00 0.00 0.00 0.00 0.00 0.00 0.00 0.00 0.00 0.00 0.00 0.00 0.00
0.00 0.00 0.00 0.00 0.00 0.00 0.00 0.00 0.00 0.00 0.00 0.00 0.00 0.01 1.00 1.00 1.00 1.00 1.00 1.00 1.00 0.46 0.00 0.00 0.00 0.00 0.99 0.00 0.00 0.03 0.00 0.00 0.00 0.00 0.00 0.00 0.00 0.00 0.00 0.00 0.00 0.00 0.00 0.00 0.00 0.00 0.00 0.00 0.00 0.00 0.00 0.00 0.00 0.00 0.00 0.00 0.00 0.01 0.02
0.00 0.00 0.00 0.00 0.00 0.00 0.00 0.00 0.00 0.75 0.00 0.00 0.00 1.00 1.00 1.00 1.00 1.00 1.00 1.00 1.00 1.00 0.83 0.00 0.00 0.00 0.00 0.00 0.00 0.00 0.00 0.00 0.00 0.00 0.00 0.00 0.00 0.00 0.00 0.00 0.00 0.00 0.00 0.00 0.01 0.00 0.02 0.04 0.03 0.04 0.00 0.00 0.00 0.00 0.00 0.00 0.00 0.00 0.00
0.01 0.00 0.00 0.00 0.00 0.00 1.00 0.00 0.00 1.00 1.00 0.00 0.00 0.96 1.00 1.00 1.00 1.00 1.00 1.00 1.00 1.00 1.00 0.83 0.33 0.00 0.06 0.00 0.00 1.00 0.00 0.00 0.00 0.67 0.00 0.00 0.00 0.00 0.00 0.00 0.00 0.80 0.00 0.00 0.00 0.00 0.00 0.00 0.00 0.20 0.00 0.00 0.00 0.00 0.01 0.00 0.00 0.00 0.00
0.00 0.00 0.00 0.00 0.00 0.00 0.00 0.00 0.00 0.00 0.00 0.00 0.00 0.00 0.52 1.00 1.00 1.00 1.00 1.00 1.00 1.00 1.00 1.00 1.00 0.99 1.00 0.00 0.00 1.00 0.00 0.00 0.00 0.00 0.00 0.00 0.00 0.00 0.00 0.00 0.00 0.00 0.00 0.00 0.00 0.00 0.00 0.00 0.00 0.00 0.00 0.00 0.00 0.00 0.00 0.00 0.00 0.04 0.03
0.00 0.00 0.00 0.00 0.00 0.00 0.00 0.00 0.00 0.00 0.00 0.00 0.00 0.00 0.00 0.47 1.00 1.00 1.00 1.00 1.00 1.00 1.00 1.00 0.81 0.00 0.06 0.00 0.00 0.00 0.00 0.00 0.00 0.00 0.00 0.00 0.00 0.00 0.00 0.00 0.00 0.00 0.00 0.00 0.00 0.00 0.00 0.00 0.01 0.00 0.00 0.00 0.00 0.00 0.00 0.00 0.00 0.04 0.03
0.04 0.00 0.00 0.00 0.00 0.00 0.00 0.00 0.00 0.99 0.00 0.00 0.00 0.11 0.00 0.00 0.46 1.00 1.00 1.00 1.00 1.00 1.00 1.00 0.00 0.00 0.00 0.00 0.00 0.00 0.00 0.00 0.00 0.00 0.00 0.00 0.00 0.00 0.00 0.00 0.00 0.14 0.01 0.02 0.02 0.03 0.05 0.27 0.50 0.77 0.03 0.01 0.00 0.00 0.00 0.01 0.00 0.00 0.00
0.03 0.00 0.00 0.00 0.00 0.00 0.99 0.00 0.00 0.31 0.00 0.00 0.00 0.00 0.00 0.00 0.00 0.83 1.00 1.00 1.00 1.00 1.00 1.00 1.00 0.00 0.00 0.00 0.00 1.00 0.00 0.00 0.01 0.00 0.00 0.00 0.00 0.00 0.00 0.15 0.02 1.00 0.03 0.02 0.00 0.09 0.09 0.03 0.13 0.96 0.78 0.79 0.01 0.01 0.67 0.24 0.14 0.02 0.00
0.00 0.00 0.00 0.00 0.00 0.00 0.00 0.00 0.00 0.00 0.00 0.00 0.00 0.00 0.00 0.00 0.00 0.00 0.83 1.00 1.00 1.00 1.00 1.00 1.00 0.24 0.00 0.00 0.00 0.00 0.00 0.00 0.00 0.00 0.00 0.00 0.00 0.00 0.00 0.00 0.00 0.00 0.00 0.00 0.00 0.00 0.02 0.00 0.03 0.01 0.06 0.00 0.00 0.00 0.01 0.17 0.17 0.12 0.02
0.00 0.00 0.00 0.00 0.00 0.00 0.01 0.00 0.00 0.00 0.00 0.00 0.00 0.00 0.00 0.00 0.00 0.00 0.33 1.00 0.81 0.00 1.00 1.00 1.00 1.00 0.99 0.00 1.00 1.00 0.00 0.00 0.01 0.00 0.00 0.00 0.00 0.00 0.00 0.00 0.00 0.00 0.00 0.00 0.00 0.00 0.07 0.01 0.02 0.13 0.18 0.12 0.01 0.03 0.69 0.52 0.25 0.21 0.05
0.00 0.00 0.00 0.00 0.00 0.00 0.00 0.00 0.00 0.00 0.00 0.00 0.00 0.00 0.00 0.00 0.00 0.00 0.00 0.99 0.00 0.00 0.00 0.24 1.00 1.00 1.00 1.00 1.00 1.00 0.27 0.03 0.00 0.00 0.00 0.00 0.00 0.00 0.00 0.00 0.00 0.00 0.00 0.00 0.00 0.00 0.00 0.00 0.00 0.01 0.05 0.02 0.01 0.08 0.04 0.07 0.13 0.21 0.23
0.00 0.00 0.00 0.00 0.00 0.00 0.00 0.00 0.00 0.00 0.00 0.00 0.00 0.00 0.00 0.98 0.99 0.00 0.06 1.00 0.06 0.00 0.00 0.00 0.99 1.00 1.00 1.00 1.00 1.00 1.00 0.71 0.00 0.02 0.00 0.00 0.00 0.00 0.00 0.00 0.00 0.00 0.00 0.00 0.00 0.00 0.00 0.00 0.00 0.00 0.00 0.00 0.00 0.00 0.00 0.00 0.00 0.05 0.03
0.00 0.00 0.00 0.00 0.00 0.00 0.00 0.00 0.00 0.00 0.00 0.00 0.00 0.00 0.00 0.03 0.00 0.00 0.00 0.00 0.00 0.00 0.00 0.00 0.00 1.00 1.00 1.00 1.00 1.00 1.00 1.00 0.69 0.00 0.00 0.00 0.00 0.00 0.00 0.00 0.00 0.00 0.00 0.00 0.00 0.00 0.00 0.00 0.00 0.00 0.00 0.00 0.01 0.06 0.00 0.03 0.01 0.11 0.22
0.00 0.00 0.00 0.00 0.00 0.00 0.04 0.00 0.00 0.00 0.00 0.00 0.00 0.00 0.00 0.00 0.00 0.00 0.00 0.00 0.00 0.00 0.00 0.00 1.00 1.00 1.00 1.00 1.00 1.00 1.00 1.00 1.00 0.60 0.00 0.00 0.00 0.03 0.00 0.00 0.00 0.00 0.00 0.00 0.00 0.00 0.00 0.00 0.00 0.11 0.13 0.04 0.08 0.11 0.55 0.15 0.11 0.28 0.19
0.00 0.00 0.00 0.00 0.00 0.00 1.00 0.00 0.00 0.00 0.75 0.00 0.00 0.00 0.00 1.00 0.03 0.00 1.00 1.00 0.00 0.00 1.00 0.00 1.00 1.00 1.00 1.00 1.00 1.00 1.00 1.00 1.00 1.00 0.82 0.00 0.00 0.00 0.00 0.02 0.00 0.01 0.00 0.00 0.00 0.00 0.00 0.00 0.00 0.12 0.05 0.03 0.00 0.00 0.67 0.00 0.00 0.03 0.00
0.00 0.00 0.00 0.00 0.00 0.00 0.00 0.00 0.00 0.00 0.00 0.00 0.00 0.00 0.00 0.98 0.00 0.00 0.00 0.00 0.00 0.00 0.00 0.00 0.00 0.27 1.00 1.00 1.00 1.00 1.00 1.00 1.00 1.00 1.00 0.45 0.00 0.00 0.00 0.00 0.00 0.00 0.00 0.00 0.00 0.00 0.00 0.00 0.00 0.00 0.00 0.00 0.00 0.00 0.00 0.00 0.00 0.01 0.00
0.00 0.00 0.00 0.00 0.00 0.00 0.00 0.00 0.00 0.00 0.00 0.00 0.00 0.00 0.00 0.00 0.00 0.00 0.00 0.00 0.00 0.00 0.00 0.00 0.00 0.03 0.71 1.00 1.00 1.00 1.00 1.00 1.00 1.00 1.00 1.00 0.12 0.12 0.00 0.00 0.00 0.00 0.00 0.00 0.00 0.00 0.00 0.00 0.00 0.00 0.03 0.02 0.10 0.12 0.02 0.03 0.05 0.26 0.20
0.00 0.00 0.00 0.00 0.00 0.00 1.00 0.42 0.00 0.00 0.00 0.00 0.00 0.00 0.00 0.00 0.00 0.00 0.00 0.00 0.00 0.00 0.01 0.00 0.01 0.00 0.00 0.69 1.00 1.00 1.00 1.00 1.00 1.00 1.00 1.00 0.26 0.45 0.03 0.99 0.00 0.00 0.00 0.00 0.00 0.00 0.00 0.00 0.03 0.12 0.08 0.03 0.07 0.17 0.63 0.04 0.03 0.20 0.01
0.00 0.00 0.00 0.00 0.00 0.00 1.00 1.00 0.00 0.00 1.00 0.02 0.00 0.00 0.00 0.97 0.00 0.00 0.67 0.00 0.00 0.00 0.00 0.00 0.00 0.00 0.02 0.00 0.60 1.00 1.00 1.00 1.00 1.00 1.00 1.00 0.27 0.15 0.01 0.22 0.00 0.00 0.00 0.00 0.00 0.00 0.00 0.00 0.00 0.00 0.00 0.00 0.00 0.00 0.00 0.00 0.00 0.00 0.00
0.00 0.00 0.00 0.00 0.00 0.00 0.00 0.47 0.00 0.00 0.00 0.00 0.00 0.00 0.00 0.09 0.00 0.00 0.00 0.00 0.00 0.00 0.00 0.00 0.00 0.00 0.00 0.00 0.00 0.82 1.00 1.00 1.00 1.00 1.00 1.00 0.99 0.00 0.00 0.00 0.00 0.00 0.00 0.00 0.00 0.00 0.00 0.00 0.00 0.00 0.00 0.00 0.00 0.00 0.00 0.00 0.00 0.01 0.01
0.00 0.00 0.00 0.00 0.00 0.00 0.00 0.47 0.00 0.00 0.00 0.00 0.00 0.00 0.00 0.00 0.00 0.00 0.00 0.00 0.00 0.00 0.00 0.00 0.00 0.00 0.00 0.00 0.00 0.00 0.45 1.00 1.00 1.00 1.00 1.00 1.00 0.99 0.03 0.67 0.00 0.00 0.00 0.00 0.00 0.00 0.00 0.00 0.00 0.00 0.01 0.01 0.07 0.04 0.00 0.01 0.02 0.20 0.01
0.00 0.00 0.00 0.00 0.00 0.00 0.01 0.52 0.00 0.00 0.00 0.00 0.00 0.00 0.00 0.00 0.00 0.00 0.00 0.00 0.00 0.00 0.00 0.00 0.00 0.00 0.00 0.00 0.00 0.00 0.00 0.12 0.26 0.27 0.99 1.00 1.00 1.00 0.83 0.01 0.00 0.00 0.00 0.00 0.00 0.00 0.00 0.00 0.00 0.00 0.01 0.00 0.00 0.01 0.00 0.00 0.00 0.01 0.01
0.00 0.00 0.00 0.00 0.00 0.02 0.11 0.41 0.00 0.00 0.00 0.00 0.00 0.00 0.00 0.00 0.00 0.00 0.00 0.00 0.00 0.00 0.00 0.00 0.00 0.00 0.00 0.00 0.03 0.00 0.00 0.12 0.45 0.15 0.00 0.99 1.00 1.00 1.00 1.00 0.03 0.00 0.00 0.00 0.01 0.00 0.00 0.01 0.09 0.07 0.09 0.13 0.15 0.69 0.09 0.08 0.13 0.25 0.05
0.02 0.11 0.04 0.03 0.00 0.92 0.05 0.36 0.02 0.00 0.00 0.00 0.00 0.00 0.00 0.00 0.00 0.00 0.00 0.00 0.00 0.00 0.00 0.00 0.00 0.00 0.00 0.00 0.00 0.00 0.00 0.00 0.03 0.01 0.00 0.03 0.83 1.00 1.00 1.00 1.00 0.00 0.00 0.00 0.01 0.00 0.00 0.00 0.00 0.00 0.01 0.00 0.04 0.18 0.04 0.01 0.02 0.02 0.01
0.00 0.00 0.00 0.00 0.70 1.00 1.00 0.69 0.00 0.00 0.00 0.00 0.00 0.00 0.00 0.00 0.00 0.00 0.00 0.00 0.00 0.00 0.15 0.00 0.00 0.00 0.00 0.00 0.00 0.02 0.00 0.00 0.99 0.22 0.00 0.67 0.01 1.00 1.00 1.00 1.00 0.99 0.00 0.00 0.02 0.09 0.00 0.00 0.13 0.18 0.09 0.75 0.15 0.72 0.69 0.03 0.02 0.21 0.00
0.06 0.37 0.17 0.98 1.00 1.00 0.99 0.00 0.00 0.00 0.00 0.00 0.00 0.00 0.00 0.00 0.00 0.00 0.00 0.00 0.00 0.00 0.02 0.00 0.00 0.00 0.00 0.00 0.00 0.00 0.00 0.00 0.00 0.00 0.00 0.00 0.00 0.03 1.00 1.00 1.00 1.00 0.83 0.02 0.02 0.09 0.01 0.01 0.06 0.04 0.30 0.71 0.32 0.38 0.06 0.01 0.01 0.01 0.00
0.10 0.06 0.28 0.76 1.00 1.00 1.00 0.00 0.01 1.00 0.05 0.00 0.00 0.00 0.00 0.00 0.00 0.00 0.80 0.00 0.00 0.14 1.00 0.00 0.00 0.00 0.00 0.00 0.00 0.01 0.00 0.00 0.00 0.00 0.00 0.00 0.00 0.00 0.00 0.99 1.00 1.00 1.00 0.89 0.02 0.10 0.01 0.04 0.10 0.85 0.79 0.78 0.15 0.04 0.31 0.00 0.00 0.01 0.00
0.13 0.21 0.35 0.62 0.41 0.00 0.00 0.00 0.00 0.08 0.00 0.00 0.00 0.00 0.00 0.00 0.00 0.00 0.00 0.00 0.00 0.01 0.03 0.00 0.00 0.00 0.00 0.00 0.00 0.00 0.00 0.00 0.00 0.00 0.00 0.00 0.00 0.00 0.00 0.00 0.83 1.00 1.00 1.00 0.99 0.18 0.07 0.05 0.72 0.80 0.79 0.72 0.26 0.04 0.03 0.02 0.02 0.03 0.00
0.16 0.26 0.37 0.45 0.81 0.00 0.00 0.00 0.00 0.73 0.00 0.00 0.14 0.26 0.00 0.00 0.00 0.00 0.00 0.00 0.00 0.02 0.02 0.00 0.00 0.00 0.00 0.00 0.00 0.00 0.00 0.00 0.00 0.00 0.00 0.00 0.00 0.00 0.00 0.00 0.02 0.89 1.00 1.00 1.00 0.82 0.06 0.61 0.74 0.78 0.71 0.00 0.00 0.00 0.00 0.00 0.01 0.00 0.00
0.07 0.12 0.11 0.01 0.00 0.00 0.00 0.00 0.00 0.05 0.00 0.00 0.00 0.01 0.00 0.00 0.00 0.01 0.00 0.00 0.00 0.02 0.00 0.00 0.00 0.00 0.00 0.00 0.00 0.00 0.00 0.00 0.00 0.00 0.00 0.00 0.00 0.01 0.01 0.02 0.02 0.02 0.99 1.00 1.00 1.00 0.93 0.88 0.88 0.79 0.63 0.00 0.00 0.00 0.00 0.03 0.02 0.04 0.01
0.08 0.10 0.03 0.00 0.00 0.00 0.03 0.00 0.00 0.01 0.00 0.00 0.00 0.00 0.00 0.00 0.00 0.00 0.00 0.00 0.00 0.03 0.09 0.00 0.00 0.00 0.00 0.00 0.00 0.00 0.00 0.00 0.00 0.00 0.00 0.00 0.00 0.00 0.00 0.09 0.09 0.10 0.18 0.82 1.00 1.00 1.00 0.99 0.29 0.10 0.07 0.01 0.00 0.00 0.00 0.01 0.01 0.01 0.01
0.02 0.00 0.00 0.01 0.00 0.00 0.00 0.00 0.00 0.01 0.00 0.00 0.00 0.01 0.00 0.00 0.00 0.02 0.00 0.00 0.00 0.05 0.09 0.02 0.07 0.00 0.00 0.00 0.00 0.00 0.00 0.00 0.00 0.00 0.00 0.00 0.00 0.00 0.00 0.00 0.01 0.01 0.07 0.06 0.93 1.00 1.00 1.00 0.87 0.09 0.11 0.05 0.00 0.00 0.00 0.01 0.00 0.01 0.00
0.02 0.00 0.00 0.01 0.00 0.00 0.00 0.00 0.00 0.22 0.00 0.00 0.00 0.03 0.00 0.00 0.00 0.04 0.00 0.00 0.00 0.27 0.03 0.00 0.01 0.00 0.00 0.00 0.00 0.00 0.00 0.00 0.00 0.00 0.00 0.00 0.00 0.01 0.00 0.00 0.01 0.04 0.05 0.61 0.88 0.99 1.00 1.00 1.00 0.90 0.10 0.08 0.00 0.00 0.00 0.00 0.00 0.01 0.00
0.01 0.00 0.00 0.01 0.01 0.00 0.00 0.00 0.00 0.11 0.00 0.00 0.00 0.00 0.00 0.00 0.00 0.03 0.00 0.00 0.01 0.50 0.13 0.03 0.02 0.00 0.00 0.00 0.00 0.00 0.00 0.00 0.03 0.00 0.00 0.00 0.00 0.09 0.00 0.13 0.06 0.10 0.72 0.74 0.88 0.29 0.87 1.00 1.00 1.00 0.74 0.08 0.07 0.00 0.00 0.03 0.00 0.02 0.00
0.02 0.00 0.00 0.00 0.14 0.00 0.13 0.00 0.00 0.75 0.00 0.00 0.00 0.01 0.00 0.00 0.00 0.04 0.20 0.00 0.00 0.77 0.96 0.01 0.13 0.01 0.00 0.00 0.11 0.12 0.00 0.00 0.12 0.00 0.00 0.00 0.00 0.07 0.00 0.18 0.04 0.85 0.80 0.78 0.79 0.10 0.09 0.90 1.00 1.00 1.00 0.58 0.08 0.08 0.02 0.04 0.00 0.03 0.01
0.03 0.01 0.00 0.03 0.00 0.00 0.04 0.00 0.00 0.00 0.00 0.00 0.00 0.00 0.00 0.00 0.00 0.00 0.00 0.00 0.00 0.03 0.78 0.06 0.18 0.05 0.00 0.00 0.13 0.05 0.00 0.03 0.08 0.00 0.00 0.01 0.01 0.09 0.01 0.09 0.30 0.79 0.79 0.71 0.63 0.07 0.11 0.10 0.74 1.00 1.00 1.00 0.94 0.19 0.16 0.49 0.24 0.20 0.04
0.03 0.00 0.00 0.05 0.00 0.00 0.36 0.00 0.00 0.00 0.00 0.00 0.00 0.00 0.00 0.00 0.00 0.00 0.00 0.00 0.00 0.01 0.79 0.00 0.12 0.02 0.00 0.00 0.04 0.03 0.00 0.02 0.03 0.00 0.00 0.01 0.00 0.13 0.00 0.75 0.71 0.78 0.72 0.00 0.00 0.01 0.05 0.08 0.08 0.58 1.00 1.00 1.00 0.96 0.74 0.62 0.10 0.06 0.00
0.03 0.00 0.00 0.16 0.00 0.00 0.00 0.00 0.00 0.00 0.00 0.00 0.00 0.00 0.00 0.00 0.00 0.00 0.00 0.00 0.00 0.00 0.01 0.00 0.01 0.01 0.00 0.01 0.08 0.00 0.00 0.10 0.07 0.00 0.00 0.07 0.00 0.15 0.04 0.15 0.32 0.15 0.26 0.00 0.00 0.00 0.00 0.00 0.07 0.08 0.94 1.00 1.00 1.00 0.97 0.74 0.42 0.17 0.00
0.01 0.00 0.00 0.07 0.00 0.00 0.05 0.00 0.00 0.00 0.00 0.00 0.00 0.00 0.00 0.00 0.00 0.00 0.00 0.00 0.00 0.00 0.01 0.00 0.03 0.08 0.00 0.06 0.11 0.00 0.00 0.12 0.17 0.00 0.00 0.04 0.01 0.69 0.18 0.72 0.38 0.04 0.04 0.00 0.00 0.00 0.00 0.00 0.00 0.08 0.19 0.96 1.00 1.00 1.00 0.94 0.27 0.21 0.00
0.00 0.00 0.00 0.04 0.00 0.00 0.65 0.00 0.00 0.00 0.00 0.00 0.00 0.00 0.00 0.00 0.00 0.00 0.01 0.00 0.00 0.00 0.67 0.01 0.69 0.04 0.00 0.00 0.55 0.67 0.00 0.02 0.63 0.00 0.00 0.00 0.00 0.09 0.04 0.69 0.06 0.31 0.03 0.00 0.00 0.00 0.00 0.00 0.00 0.02 0.16 0.74 0.97 1.00 1.00 1.00 0.88 0.23 0.00
0.00 0.00 0.00 0.01 0.00 0.00 0.00 0.00 0.00 0.00 0.00 0.00 0.00 0.00 0.00 0.00 0.00 0.00 0.00 0.00 0.00 0.01 0.24 0.17 0.52 0.07 0.00 0.03 0.15 0.00 0.00 0.03 0.04 0.00 0.00 0.01 0.00 0.08 0.01 0.03 0.01 0.00 0.02 0.00 0.03 0.01 0.01 0.00 0.03 0.04 0.49 0.62 0.74 0.94 1.00 1.00 1.00 1.00 0.16
0.01 0.00 0.00 0.01 0.00 0.00 0.00 0.00 0.00 0.00 0.00 0.00 0.00 0.00 0.00 0.00 0.00 0.00 0.00 0.00 0.00 0.00 0.14 0.17 0.25 0.13 0.00 0.01 0.11 0.00 0.00 0.05 0.03 0.00 0.00 0.02 0.00 0.13 0.02 0.02 0.01 0.00 0.02 0.01 0.02 0.01 0.00 0.00 0.00 0.00 0.24 0.10 0.42 0.27 0.88 1.00 1.00 1.00 0.79
0.00 0.00 0.00 0.02 0.00 0.00 0.01 0.00 0.00 0.00 0.00 0.00 0.00 0.00 0.00 0.00 0.01 0.00 0.00 0.04 0.04 0.00 0.02 0.12 0.21 0.21 0.05 0.11 0.28 0.03 0.01 0.26 0.20 0.00 0.01 0.20 0.01 0.25 0.02 0.21 0.01 0.01 0.03 0.00 0.04 0.01 0.01 0.01 0.02 0.03 0.20 0.06 0.17 0.21 0.23 1.00 1.00 1.00 1.00
0.00 0.00 0.00 0.01 0.00 0.00 0.00 0.00 0.00 0.00 0.00 0.00 0.00 0.00 0.00 0.00 0.02 0.00 0.00 0.03 0.03 0.00 0.00 0.02 0.05 0.23 0.03 0.22 0.19 0.00 0.00 0.20 0.01 0.00 0.01 0.01 0.01 0.05 0.01 0.00 0.00 0.00 0.00 0.00 0.01 0.01 0.00 0.00 0.00 0.01 0.04 0.00 0.00 0.00 0.00 0.16 0.79 1.00 1.00
