1.00 1.00 0.95 0.20 0.13 0.01 0.00 0.00 0.01 0.05 0.00 0.00 0.15 0.08 0.00 0.00 0.00 0.00 0.00 0.00 0.00 0.00 0.00 0.00 0.00 0.00 0.00 0.00 0.00 0.00 0.00 0.00 0.00 0.00 0.00 0.00 0.00 0.00 0.01 0.00 0.02 0.03 0.13 0.23 0.10 0.08 0.02 0.01 0.01 0.01 0.05 0.01 0.02 0.01 0.00 0.00 0.00 0.00 0.00 0.00 0.00 0.00 0.00 0.00 0.00 0.00
1.00 1.00 1.00 0.93 0.28 0.04 0.00 0.00 0.02 0.00 0.00 0.00 0.18 0.01 0.00 0.00 0.00 0.00 0.00 0.00 0.00 0.00 0.00 0.00 0.00 0.00 0.00 0.00 0.00 0.00 0.00 0.00 0.00 0.00 0.00 0.00 0.00 0.00 0.04 0.00 0.20 0.02 0.28 0.47 0.18 0.10 0.01 0.00 0.00 0.00 0.05 0.00 0.00 0.00 0.01 0.01 0.00 0.00 0.00 0.00 0.00 0.00 0.00 0.00 0.00 0.00
0.95 1.00 1.00 1.00 0.87 0.01 0.00 0.00 0.01 0.01 0.00 0.00 0.16 0.01 0.00 0.00 0.00 0.00 0.00 0.00 0.00 0.00 0.00 0.00 0.00 0.00 0.00 0.00 0.00 0.00 0.00 0.00 0.00 0.00 0.00 0.00 0.00 0.00 0.02 0.00 0.08 0.47 0.61 0.61 0.17 0.03 0.00 0.00 0.00 0.00 0.01 0.01 0.00 0.00 0.00 0.00 0.00 0.00 0.00 0.00 0.00 0.00 0.00 0.00 0.00 0.00
0.20 0.93 1.00 1.00 1.00 0.57 0.00 0.00 0.08 0.01 0.00 0.00 0.00 0.00 0.00 0.00 0.00 0.00 0.00 0.00 0.00 0.00 0.00 0.00 0.00 0.00 0.00 0.00 0.00 0.00 0.00 0.00 0.00 0.00 0.00 0.00 0.00 0.00 0.01 0.00 0.99 0.91 0.82 0.61 0.00 0.00 0.00 0.00 0.00 0.11 0.24 0.21 0.57 0.11 0.18 0.02 0.03 0.01 0.00 0.00 0.01 0.01 0.00 0.01 0.01 0.01
0.13 0.28 0.87 1.00 1.00 1.00 0.89 0.00 1.00 1.00 0.00 0.02 0.89 0.76 0.00 0.00 0.00 0.00 0.00 0.00 0.00 0.00 0.00 0.00 0.00 0.00 0.00 0.00 0.00 0.00 0.00 0.00 0.00 0.00 0.00 0.00 0.00 0.00 0.00 0.76 1.00 1.00 0.70 0.92 0.00 0.00 0.00 0.00 0.00 0.09 0.00 0.02 0.00 0.00 0.00 0.00 0.00 0.00 0.00 0.00 0.00 0.00 0.00 0.00 0.00 0.00
0.01 0.04 0.01 0.57 1.00 1.00 1.00 1.00 1.00 1.00 0.85 0.00 0.01 0.00 0.00 0.00 0.00 0.00 0.00 0.00 0.00 0.00 0.00 0.00 0.00 0.00 0.00 0.00 0.00 0.00 0.00 0.00 0.00 0.00 0.00 0.00 0.00 0.19 0.85 1.00 1.00 1.00 0.00 0.00 0.00 0.00 0.00 0.00 0.00 0.00 0.00 0.00 0.00 0.00 0.00 0.00 0.00 0.00 0.00 0.00 0.00 0.00 0.00 0.00 0.00 0.00
0.00 0.00 0.00 0.00 0.89 1.00 1.00 1.00 1.00 1.00 1.00 0.86 0.00 0.00 0.00 0.00 0.00 0.00 1.00 0.00 0.00 0.00 0.99 0.00 0.01 0.00 0.00 0.00 0.06 0.98 0.00 0.00 1.00 1.00 0.00 0.00 0.05 0.57 0.22 1.00 1.00 1.00 0.00 0.00 0.00 0.00 0.00 0.00 0.00 0.00 0.00 0.21 0.00 0.04 0.28 0.00 0.00 0.14 0.03 0.00 0.00 0.00 0.00 0.01 0.02 0.00
0.00 0.00 0.00 0.00 0.00 1.00 1.00 1.00 1.00 1.00 1.00 1.00 0.40 0.00 0.00 0.01 0.00 0.00 0.00 0.00 0.00 0.00 0.00 0.00 0.00 0.00 0.00 0.00 0.00 0.01 0.00 0.00 0.15 0.98 0.20 0.16 0.50 0.27 0.17 0.39 0.00 0.00 0.00 0.00 0.00 0.00 0.00 0.00 0.00 0.00 0.00 0.00 0.00 0.00 0.00 0.00 0.00 0.00 0.00 0.00 0.00 0.00 0.00 0.00 0.00 0.00
0.01 0.02 0.01 0.08 1.00 1.00 1.00 1.00 1.00 1.00 1.00 1.00 1.00 0.71 0.00 0.00 0.00 0.00 0.00 0.00 0.00 0.00 0.00 0.00 0.00 0.00 0.00 0.00 0.00 0.00 0.00 0.00 0.00 0.00 0.00 0.00 0.00 0.00 0.01 0.00 0.00 0.00 0.00 0.00 0.00 0.00 0.00 0.00 0.00 0.00 0.00 0.00 0.00 0.00 0.00 0.00 0.00 0.00 0.00 0.00 0.00 0.00 0.00 0.00 0.00 0.00
0.05 0.00 0.01 0.01 1.00 1.00 1.00 1.00 1.00 1.00 1.00 1.00 1.00 1.00 0.99 0.00 0.00 0.93 1.00 0.00 0.00 0.99 0.16 0.00 0.00 0.00 0.00 0.00 0.00 0.00 0.00 0.00 0.00 0.00 0.00 0.00 0.00 0.00 0.00 0.00 0.00 1.00 0.34 0.92 0.18 0.01 0.00 0.07 0.05 0.96 0.00 0.00 0.00 0.00 0.00 0.00 0.00 0.00 0.00 0.00 0.00 0.00 0.03 0.00 0.01 0.00
0.00 0.00 0.00 0.00 0.00 0.85 1.00 1.00 1.00 1.00 1.00 1.00 1.00 1.00 1.00 1.00 0.00 0.00 1.00 0.00 0.00 0.00 0.00 0.00 0.00 0.00 0.00 0.00 0.00 0.82 0.00 0.00 0.00 0.99 0.00 0.00 0.00 0.00 0.00 0.00 0.00 0.05 0.00 0.00 0.00 0.00 0.00 0.00 0.00 0.00 0.00 0.00 0.00 0.00 0.00 0.00 0.00 0.00 0.00 0.00 0.00 0.00 0.00 0.00 0.00 0.00
0.00 0.00 0.00 0.00 0.02 0.00 0.86 1.00 1.00 1.00 1.00 1.00 1.00 1.00 0.99 0.03 0.00 0.00 0.00 0.00 0.00 0.00 0.00 0.00 0.00 0.00 0.00 0.00 0.00 0.00 0.00 0.00 0.00 0.02 0.00 0.00 0.00 0.00 0.00 0.00 0.00 0.00 0.00 0.00 0.00 0.00 0.00 0.00 0.00 0.00 0.00 0.00 0.00 0.00 0.00 0.00 0.00 0.00 0.00 0.00 0.00 0.00 0.00 0.00 0.00 0.00
0.15 0.18 0.16 0.00 0.89 0.01 0.00 0.40 1.00 1.00 1.00 1.00 1.00 1.00 0.99 0.00 0.00 0.00 0.00 0.00 0.00 0.00 0.00 0.00 0.00 0.00 0.00 0.00 0.00 0.00 0.00 0.00 0.00 0.00 0.00 0.00 0.00 0.00 0.00 0.00 0.00 0.00 0.00 0.37 0.00 0.00 0.00 0.00 0.00 0.00 0.00 0.00 0.00 0.00 0.00 0.00 0.00 0.00 0.00 0.00 0.00 0.00 0.00 0.00 0.00 0.00
0.08 0.01 0.01 0.00 0.76 0.00 0.00 0.00 0.71 1.00 1.00 1.00 1.00 1.00 1.00 0.13 0.01 1.00 0.98 0.00 0.00 0.09 0.00 0.00 0.00 0.00 0.00 0.00 0.00 0.00 0.00 0.00 0.00 0.00 0.00 0.00 0.00 0.00 0.00 0.00 0.00 0.00 0.01 0.57 0.02 0.01 0.00 0.00 0.00 0.00 0.00 0.00 0.00 0.00 0.00 0.00 0.00 0.00 0.00 0.00 0.00 0.00 0.00 0.00 0.01 0.01
0.00 0.00 0.00 0.00 0.00 0.00 0.00 0.00 0.00 0.99 1.00 0.99 0.99 1.00 1.00 1.00 1.00 1.00 1.00 0.60 0.00 0.00 0.00 0.00 0.00 0.00 0.00 0.00 0.00 0.01 0.00 0.00 0.00 0.00 0.00 0.00 0.00 0.00 0.00 0.00 0.00 0.00 0.00 0.00 0.00 0.00 0.00 0.00 0.00 0.00 0.00 0.00 0.00 0.00 0.00 0.00 0.00 0.00 0.00 0.00 0.00 0.00 0.00 0.00 0.00 0.00
0.00 0.00 0.00 0.00 0.00 0.00 0.00 0.01 0.00 0.00 1.00 0.03 0.00 0.13 1.00 1.00 1.00 1.00 1.00 1.00 0.67 0.00 0.00 0.00 0.00 0.01 0.84 0.06 0.01 0.95 0.97 0.00 0.00 0.92 0.10 0.00 0.00 0.00 0.00 0.00 0.00 0.00 0.00 0.00 0.00 0.00 0.00 0.00 0.00 0.00 0.00 0.00 0.00 0.00 0.00 0.00 0.00 0.00 0.00 0.00 0.00 0.00 0.00 0.00 0.00 0.00
0.00 0.00 0.00 0.00 0.00 0.00 0.00 0.00 0.00 0.00 0.00 0.00 0.00 0.01 1.00 1.00 1.00 1.00 1.00 1.00 1.00 0.52 0.00 0.00 0.00 0.05 0.85 0.01 0.00 0.03 0.02 0.00 0.00 0.00 0.00 0.00 0.00 0.00 0.00 0.00 0.00 0.00 0.00 0.00 0.00 0.00 0.00 0.00 0.00 0.00 0.00 0.00 0.00 0.00 0.00 0.00 0.00 0.00 0.00 0.00 0.00 0.00 0.00 0.00 0.00 0.00
0.00 0.00 0.00 0.00 0.00 0.00 0.00 0.00 0.00 0.93 0.00 0.00 0.00 1.00 1.00 1.00 1.00 1.00 1.00 1.00 1.00 1.00 0.89 0.00 0.00 0.00 0.00 0.00 0.00 0.00 0.00 0.00 0.00 0.00 0.00 0.00 0.00 0.00 0.00 0.00 0.00 0.00 0.00 0.03 0.07 0.08 0.04 0.09 0.03 0.19 0.00 0.00 0.00 0.00 0.00 0.00 0.00 0.00 0.00 0.00 0.00 0.00 0.05 0.02 0.02 0.02
0.00 0.00 0.00 0.00 0.00 0.00 1.00 0.00 0.00 1.00 1.00 0.00 0.00 0.98 1.00 1.00 1.00 1.00 1.00 1.00 1.00 1.00 1.00 0.75 0.31 0.00 0.02 0.00 0.00 0.97 0.00 0.00 0.00 0.60 0.00 0.00 0.00 0.00 0.00 0.00 0.00 0.94 0.00 0.00 0.00 0.00 0.00 0.00 0.00 0.17 0.00 0.00 0.00 0.00 0.00 0.00 0.00 0.00 0.00 0.00 0.00 0.00 0.00 0.00 0.00 0.00
0.00 0.00 0.00 0.00 0.00 0.00 0.00 0.00 0.00 0.00 0.00 0.00 0.00 0.00 0.60 1.00 1.00 1.00 1.00 1.00 1.00 1.00 1.00 1.00 1.00 0.96 0.92 0.03 0.03 0.99 0.06 0.00 0.00 0.04 0.00 0.00 0.00 0.00 0.00 0.00 0.00 0.00 0.00 0.00 0.00 0.00 0.00 0.00 0.00 0.00 0.00 0.00 0.00 0.00 0.00 0.00 0.00 0.00 0.00 0.00 0.00 0.00 0.00 0.01 0.01 0.01
0.00 0.00 0.00 0.00 0.00 0.00 0.00 0.00 0.00 0.00 0.00 0.00 0.00 0.00 0.00 0.67 1.00 1.00 1.00 1.00 1.00 1.00 1.00 1.00 0.86 0.12 0.06 0.00 0.00 0.00 0.00 0.00 0.00 0.00 0.00 0.00 0.00 0.00 0.00 0.00 0.00 0.00 0.00 0.00 0.00 0.00 0.01 0.01 0.03 0.00 0.00 0.00 0.00 0.00 0.00 0.00 0.00 0.00 0.00 0.01 0.04 0.03 0.09 0.05 0.03 0.03
0.00 0.00 0.00 0.00 0.00 0.00 0.00 0.00 0.00 0.99 0.00 0.00 0.00 0.09 0.00 0.00 0.52 1.00 1.00 1.00 1.00 1.00 1.00 1.00 0.00 0.00 0.00 0.00 0.00 0.00 0.00 0.00 0.00 0.00 0.00 0.00 0.00 0.00 0.00 0.00 0.00 0.33 0.00 0.01 0.04 0.01 0.01 0.12 0.26 0.98 0.04 0.08 0.00 0.00 0.00 0.00 0.00 0.00 0.00 0.00 0.05 0.05 0.13 0.10 0.02 0.00
0.00 0.00 0.00 0.00 0.00 0.00 0.99 0.00 0.00 0.16 0.00 0.00 0.00 0.00 0.00 0.00 0.00 0.89 1.00 1.00 1.00 1.00 1.00 1.00 1.00 0.00 0.00 0.01 0.02 0.99 0.00 0.00 0.02 0.03 0.00 0.00 0.00 0.01 0.00 0.47 0.01 1.00 0.01 0.01 0.00 0.00 0.00 0.00 0.08 0.86 0.56 0.92 0.04 0.02 0.36 0.10 0.26 0.17 0.02 0.00 0.08 0.05 0.09 0.16 0.03 0.01
0.00 0.00 0.00 0.00 0.00 0.00 0.00 0.00 0.00 0.00 0.00 0.00 0.00 0.00 0.00 0.00 0.00 0.00 0.75 1.00 1.00 1.00 1.00 1.00 1.00 0.27 0.01 0.00 0.00 0.01 0.00 0.00 0.00 0.00 0.00 0.00 0.00 0.00 0.00 0.00 0.00 0.00 0.00 0.00 0.00 0.00 0.00 0.00 0.05 0.00 0.01 0.00 0.00 0.00 0.00 0.01 0.28 0.16 0.08 0.02 0.15 0.07 0.09 0.13 0.04 0.02
0.00 0.00 0.00 0.00 0.00 0.00 0.01 0.00 0.00 0.00 0.00 0.00 0.00 0.00 0.00 0.00 0.00 0.00 0.31 1.00 0.86 0.00 1.00 1.00 1.00 1.00 0.98 0.04 0.93 0.98 0.01 0.00 0.01 0.01 0.00 0.00 0.00 0.01 0.00 0.00 0.00 0.00 0.00 0.00 0.00 0.00 0.00 0.00 0.00 0.00 0.02 0.01 0.00 0.00 0.34 0.26 0.31 0.32 0.13 0.03 0.05 0.02 0.03 0.10 0.06 0.04
0.00 0.00 0.00 0.00 0.00 0.00 0.00 0.00 0.00 0.00 0.00 0.00 0.00 0.00 0.00 0.01 0.05 0.00 0.00 0.96 0.12 0.00 0.00 0.27 1.00 1.00 1.00 0.95 0.87 0.89 0.15 0.05 0.00 0.00 0.00 0.00 0.00 0.00 0.00 0.00 0.00 0.00 0.00 0.00 0.00 0.00 0.00 0.00 0.00 0.00 0.00 0.00 0.00 0.00 0.00 0.01 0.05 0.17 0.15 0.02 0.03 0.02 0.03 0.05 0.05 0.05
0.00 0.00 0.00 0.00 0.00 0.00 0.00 0.00 0.00 0.00 0.00 0.00 0.00 0.00 0.00 0.84 0.85 0.00 0.02 0.92 0.06 0.00 0.00 0.01 0.98 1.00 1.00 1.00 1.00 0.94 0.92 0.60 0.00 0.01 0.00 0.00 0.00 0.00 0.00 0.00 0.00 0.00 0.00 0.00 0.00 0.00 0.00 0.00 0.00 0.00 0.00 0.00 0.00 0.00 0.00 0.01 0.00 0.04 0.01 0.00 0.00 0.00 0.00 0.00 0.01 0.02
0.00 0.00 0.00 0.00 0.00 0.00 0.00 0.00 0.00 0.00 0.00 0.00 0.00 0.00 0.00 0.06 0.01 0.00 0.00 0.03 0.00 0.00 0.01 0.00 0.04 0.95 1.00 1.00 1.00 0.99 0.96 0.96 0.66 0.00 0.00 0.00 0.00 0.00 0.00 0.00 0.00 0.00 0.00 0.00 0.00 0.00 0.00 0.00 0.00 0.00 0.00 0.00 0.00 0.00 0.00 0.00 0.00 0.01 0.01 0.00 0.00 0.00 0.00 0.01 0.01 0.02
0.00 0.00 0.00 0.00 0.00 0.00 0.06 0.00 0.00 0.00 0.00 0.00 0.00 0.00 0.00 0.01 0.00 0.00 0.00 0.03 0.00 0.00 0.02 0.00 0.93 0.87 1.00 1.00 1.00 1.00 1.00 0.99 0.99 0.50 0.00 0.00 0.00 0.06 0.00 0.00 0.00 0.00 0.00 0.00 0.00 0.00 0.00 0.00 0.00 0.00 0.00 0.00 0.00 0.00 0.23 0.02 0.02 0.16 0.13 0.01 0.01 0.00 0.00 0.03 0.03 0.04
0.00 0.00 0.00 0.00 0.00 0.00 0.98 0.01 0.00 0.00 0.82 0.00 0.00 0.00 0.01 0.95 0.03 0.00 0.97 0.99 0.00 0.00 0.99 0.01 0.98 0.89 0.94 0.99 1.00 1.00 1.00 1.00 1.00 1.00 0.82 0.00 0.00 0.01 0.00 0.05 0.00 0.03 0.00 0.00 0.00 0.00 0.00 0.00 0.00 0.00 0.00 0.01 0.00 0.00 0.29 0.01 0.00 0.14 0.03 0.00 0.00 0.00 0.00 0.02 0.03 0.02
0.00 0.00 0.00 0.00 0.00 0.00 0.00 0.00 0.00 0.00 0.00 0.00 0.00 0.00 0.00 0.97 0.02 0.00 0.00 0.06 0.00 0.00 0.00 0.00 0.01 0.15 0.92 0.96 1.00 1.00 1.00 1.00 1.00 1.00 1.00 0.62 0.00 0.00 0.00 0.00 0.00 0.00 0.00 0.00 0.00 0.00 0.00 0.00 0.00 0.00 0.00 0.00 0.00 0.00 0.00 0.00 0.00 0.00 0.00 0.00 0.00 0.00 0.00 0.00 0.00 0.00
0.00 0.00 0.00 0.00 0.00 0.00 0.00 0.00 0.00 0.00 0.00 0.00 0.00 0.00 0.00 0.00 0.00 0.00 0.00 0.00 0.00 0.00 0.00 0.00 0.00 0.05 0.60 0.96 0.99 1.00 1.00 1.00 1.00 1.00 1.00 1.00 0.41 0.23 0.00 0.00 0.00 0.00 0.00 0.00 0.00 0.00 0.00 0.00 0.00 0.00 0.00 0.00 0.00 0.00 0.00 0.00 0.01 0.02 0.02 0.00 0.01 0.00 0.00 0.01 0.02 0.03
0.00 0.00 0.00 0.00 0.00 0.00 1.00 0.15 0.00 0.00 0.00 0.00 0.00 0.00 0.00 0.00 0.00 0.00 0.00 0.00 0.00 0.00 0.02 0.00 0.01 0.00 0.00 0.66 0.99 1.00 1.00 1.00 1.00 1.00 1.00 1.00 0.76 0.80 0.01 0.95 0.00 0.00 0.00 0.00 0.00 0.00 0.00 0.00 0.00 0.00 0.00 0.00 0.00 0.09 0.25 0.00 0.00 0.15 0.10 0.00 0.00 0.00 0.00 0.01 0.03 0.02
0.00 0.00 0.00 0.00 0.00 0.00 1.00 0.98 0.00 0.00 0.99 0.02 0.00 0.00 0.00 0.92 0.00 0.00 0.60 0.04 0.00 0.00 0.03 0.00 0.01 0.00 0.01 0.00 0.50 1.00 1.00 1.00 1.00 1.00 1.00 1.00 0.77 0.63 0.00 0.08 0.00 0.00 0.00 0.00 0.00 0.00 0.00 0.00 0.00 0.00 0.00 0.00 0.00 0.00 0.01 0.00 0.00 0.00 0.00 0.00 0.00 0.00 0.00 0.00 0.00 0.00
0.00 0.00 0.00 0.00 0.00 0.00 0.00 0.20 0.00 0.00 0.00 0.00 0.00 0.00 0.00 0.10 0.00 0.00 0.00 0.00 0.00 0.00 0.00 0.00 0.00 0.00 0.00 0.00 0.00 0.82 1.00 1.00 1.00 1.00 1.00 1.00 0.98 0.00 0.00 0.00 0.00 0.00 0.00 0.00 0.00 0.00 0.00 0.00 0.00 0.00 0.00 0.00 0.00 0.00 0.00 0.00 0.00 0.00 0.00 0.00 0.00 0.00 0.00 0.00 0.00 0.01
0.00 0.00 0.00 0.00 0.00 0.00 0.00 0.16 0.00 0.00 0.00 0.00 0.00 0.00 0.00 0.00 0.00 0.00 0.00 0.00 0.00 0.00 0.00 0.00 0.00 0.00 0.00 0.00 0.00 0.00 0.62 1.00 1.00 1.00 1.00 1.00 1.00 0.97 0.02 0.23 0.00 0.00 0.00 0.00 0.00 0.00 0.00 0.00 0.00 0.00 0.00 0.00 0.00 0.01 0.00 0.00 0.00 0.05 0.02 0.00 0.01 0.01 0.01 0.01 0.01 0.01
0.00 0.00 0.00 0.00 0.00 0.00 0.05 0.50 0.00 0.00 0.00 0.00 0.00 0.00 0.00 0.00 0.00 0.00 0.00 0.00 0.00 0.00 0.00 0.00 0.00 0.00 0.00 0.00 0.00 0.00 0.00 0.41 0.76 0.77 0.98 1.00 1.00 1.00 0.92 0.01 0.00 0.00 0.00 0.00 0.00 0.00 0.00 0.00 0.00 0.00 0.00 0.00 0.00 0.00 0.00 0.00 0.00 0.02 0.01 0.00 0.00 0.00 0.01 0.01 0.00 0.01
0.00 0.00 0.00 0.00 0.00 0.19 0.57 0.27 0.00 0.00 0.00 0.00 0.00 0.00 0.00 0.00 0.00 0.00 0.00 0.00 0.00 0.00 0.01 0.00 0.01 0.00 0.00 0.00 0.06 0.01 0.00 0.23 0.80 0.63 0.00 0.97 1.00 1.00 1.00 1.00 0.01 0.00 0.00 0.00 0.00 0.00 0.00 0.00 0.00 0.00 0.00 0.00 0.01 0.63 0.14 0.12 0.09 0.13 0.10 0.07 0.08 0.04 0.02 0.05 0.06 0.06
0.01 0.04 0.02 0.01 0.00 0.85 0.22 0.17 0.01 0.00 0.00 0.00 0.00 0.00 0.00 0.00 0.00 0.00 0.00 0.00 0.00 0.00 0.00 0.00 0.00 0.00 0.00 0.00 0.00 0.00 0.00 0.00 0.01 0.00 0.00 0.02 0.92 1.00 1.00 1.00 0.98 0.00 0.00 0.00 0.00 0.00 0.00 0.00 0.00 0.00 0.00 0.00 0.28 0.43 0.31 0.12 0.06 0.04 0.00 0.01 0.02 0.02 0.01 0.02 0.01 0.02
0.00 0.00 0.00 0.00 0.76 1.00 1.00 0.39 0.00 0.00 0.00 0.00 0.00 0.00 0.00 0.00 0.00 0.00 0.00 0.00 0.00 0.00 0.47 0.00 0.00 0.00 0.00 0.00 0.00 0.05 0.00 0.00 0.95 0.08 0.00 0.23 0.01 1.00 1.00 1.00 1.00 1.00 0.00 0.00 0.00 0.00 0.00 0.00 0.00 0.01 0.06 0.84 0.45 0.73 0.64 0.01 0.00 0.16 0.09 0.05 0.03 0.01 0.00 0.05 0.04 0.01
0.02 0.20 0.08 0.99 1.00 1.00 1.00 0.00 0.00 0.00 0.00 0.00 0.00 0.00 0.00 0.00 0.00 0.00 0.00 0.00 0.00 0.00 0.01 0.00 0.00 0.00 0.00 0.00 0.00 0.00 0.00 0.00 0.00 0.00 0.00 0.00 0.00 0.01 0.98 1.00 1.00 1.00 0.78 0.00 0.00 0.00 0.00 0.00 0.00 0.10 0.66 0.94 0.68 0.58 0.32 0.04 0.02 0.00 0.00 0.00 0.01 0.01 0.00 0.01 0.01 0.00
0.03 0.02 0.47 0.91 1.00 1.00 1.00 0.00 0.00 1.00 0.05 0.00 0.00 0.00 0.00 0.00 0.00 0.00 0.94 0.00 0.00 0.33 1.00 0.00 0.00 0.00 0.00 0.00 0.00 0.03 0.00 0.00 0.00 0.00 0.00 0.00 0.00 0.00 0.00 1.00 1.00 1.00 1.00 0.89 0.01 0.00 0.00 0.00 0.00 1.00 0.93 0.96 0.52 0.02 0.11 0.00 0.00 0.09 0.00 0.00 0.00 0.00 0.00 0.00 0.00 0.00
0.13 0.28 0.61 0.82 0.70 0.00 0.00 0.00 0.00 0.34 0.00 0.00 0.00 0.01 0.00 0.00 0.00 0.00 0.00 0.00 0.00 0.00 0.01 0.00 0.00 0.00 0.00 0.00 0.00 0.00 0.00 0.00 0.00 0.00 0.00 0.00 0.00 0.00 0.00 0.00 0.78 1.00 1.00 1.00 0.99 0.03 0.01 0.01 0.74 1.00 0.98 0.81 0.36 0.03 0.02 0.02 0.00 0.00 0.00 0.00 0.00 0.00 0.01 0.01 0.02 0.01
0.23 0.47 0.61 0.61 0.92 0.00 0.00 0.00 0.00 0.92 0.00 0.00 0.37 0.57 0.00 0.00 0.00 0.03 0.00 0.00 0.00 0.01 0.01 0.00 0.00 0.00 0.00 0.00 0.00 0.00 0.00 0.00 0.00 0.00 0.00 0.00 0.00 0.00 0.00 0.00 0.00 0.89 1.00 1.00 1.00 0.75 0.02 0.41 0.55 0.82 0.62 0.00 0.00 0.00 0.00 0.00 0.00 0.00 0.00 0.00 0.00 0.00 0.01 0.01 0.02 0.01
0.10 0.18 0.17 0.00 0.00 0.00 0.00 0.00 0.00 0.18 0.00 0.00 0.00 0.02 0.00 0.00 0.00 0.07 0.00 0.00 0.00 0.04 0.00 0.00 0.00 0.00 0.00 0.00 0.00 0.00 0.00 0.00 0.00 0.00 0.00 0.00 0.00 0.00 0.00 0.00 0.00 0.01 0.99 1.00 1.00 1.00 0.97 0.93 0.95 0.93 0.73 0.00 0.00 0.00 0.00 0.08 0.05 0.01 0.00 0.05 0.01 0.04 0.08 0.04 0.03 0.01
0.08 0.10 0.03 0.00 0.00 0.00 0.00 0.00 0.00 0.01 0.00 0.00 0.00 0.01 0.00 0.00 0.00 0.08 0.00 0.00 0.00 0.01 0.00 0.00 0.00 0.00 0.00 0.00 0.00 0.00 0.00 0.00 0.00 0.00 0.00 0.00 0.00 0.00 0.00 0.00 0.00 0.00 0.03 0.75 1.00 1.00 1.00 0.97 0.14 0.04 0.05 0.00 0.00 0.00 0.00 0.04 0.00 0.00 0.00 0.00 0.00 0.02 0.08 0.03 0.03 0.01
0.02 0.01 0.00 0.00 0.00 0.00 0.00 0.00 0.00 0.00 0.00 0.00 0.00 0.00 0.00 0.00 0.00 0.04 0.00 0.00 0.01 0.01 0.00 0.00 0.00 0.00 0.00 0.00 0.00 0.00 0.00 0.00 0.00 0.00 0.00 0.00 0.00 0.00 0.00 0.00 0.00 0.00 0.01 0.02 0.97 1.00 1.00 1.00 0.67 0.01 0.05 0.00 0.00 0.00 0.00 0.05 0.00 0.01 0.00 0.04 0.03 0.06 0.10 0.04 0.02 0.02
0.01 0.00 0.00 0.00 0.00 0.00 0.00 0.00 0.00 0.07 0.00 0.00 0.00 0.00 0.00 0.00 0.00 0.09 0.00 0.00 0.01 0.12 0.00 0.00 0.00 0.00 0.00 0.00 0.00 0.00 0.00 0.00 0.00 0.00 0.00 0.00 0.00 0.00 0.00 0.00 0.00 0.00 0.01 0.41 0.93 0.97 1.00 1.00 1.00 0.91 0.08 0.00 0.00 0.00 0.00 0.01 0.01 0.00 0.00 0.04 0.03 0.06 0.13 0.03 0.02 0.01
0.01 0.00 0.00 0.00 0.00 0.00 0.00 0.00 0.00 0.05 0.00 0.00 0.00 0.00 0.00 0.00 0.00 0.03 0.00 0.00 0.03 0.26 0.08 0.05 0.00 0.00 0.00 0.00 0.00 0.00 0.00 0.00 0.00 0.00 0.00 0.00 0.00 0.00 0.00 0.00 0.00 0.00 0.74 0.55 0.95 0.14 0.67 1.00 1.00 1.00 0.87 0.06 0.02 0.01 0.02 0.01 0.02 0.00 0.00 0.05 0.07 0.18 0.18 0.15 0.13 0.10
0.01 0.00 0.00 0.11 0.09 0.00 0.00 0.00 0.00 0.96 0.00 0.00 0.00 0.00 0.00 0.00 0.00 0.19 0.17 0.00 0.00 0.98 0.86 0.00 0.00 0.00 0.00 0.00 0.00 0.00 0.00 0.00 0.00 0.00 0.00 0.00 0.00 0.00 0.00 0.01 0.10 1.00 1.00 0.82 0.93 0.04 0.01 0.91 1.00 1.00 1.00 0.68 0.00 0.00 0.00 0.00 0.02 0.00 0.00 0.01 0.03 0.09 0.14 0.13 0.07 0.00
0.05 0.05 0.01 0.24 0.00 0.00 0.00 0.00 0.00 0.00 0.00 0.00 0.00 0.00 0.00 0.00 0.00 0.00 0.00 0.00 0.00 0.04 0.56 0.01 0.02 0.00 0.00 0.00 0.00 0.00 0.00 0.00 0.00 0.00 0.00 0.00 0.00 0.00 0.00 0.06 0.66 0.93 0.98 0.62 0.73 0.05 0.05 0.08 0.87 1.00 1.00 1.00 0.94 0.16 0.14 0.31 0.27 0.09 0.03 0.08 0.06 0.09 0.15 0.15 0.13 0.11
0.01 0.00 0.01 0.21 0.02 0.00 0.21 0.00 0.00 0.00 0.00 0.00 0.00 0.00 0.00 0.00 0.00 0.00 0.00 0.00 0.00 0.08 0.92 0.00 0.01 0.00 0.00 0.00 0.00 0.01 0.00 0.00 0.00 0.00 0.00 0.00 0.00 0.00 0.00 0.84 0.94 0.96 0.81 0.00 0.00 0.00 0.00 0.00 0.06 0.68 1.00 1.00 1.00 0.85 0.36 0.30 0.10 0.08 0.01 0.02 0.02 0.02 0.02 0.15 0.11 0.02
0.02 0.00 0.00 0.57 0.00 0.00 0.00 0.00 0.00 0.00 0.00 0.00 0.00 0.00 0.00 0.00 0.00 0.00 0.00 0.00 0.00 0.00 0.04 0.00 0.00 0.00 0.00 0.00 0.00 0.00 0.00 0.00 0.00 0.00 0.00 0.00 0.00 0.01 0.28 0.45 0.68 0.52 0.36 0.00 0.00 0.00 0.00 0.00 0.02 0.00 0.94 1.00 1.00 1.00 0.97 0.39 0.10 0.01 0.00 0.01 0.03 0.04 0.03 0.07 0.10 0.03
0.01 0.00 0.00 0.11 0.00 0.00 0.04 0.00 0.00 0.00 0.00 0.00 0.00 0.00 0.00 0.00 0.00 0.00 0.00 0.00 0.00 0.00 0.02 0.00 0.00 0.00 0.00 0.00 0.00 0.00 0.00 0.00 0.09 0.00 0.00 0.01 0.00 0.63 0.43 0.73 0.58 0.02 0.03 0.00 0.00 0.00 0.00 0.00 0.01 0.00 0.16 0.85 1.00 1.00 1.00 0.92 0.16 0.12 0.00 0.11 0.06 0.06 0.04 0.06 0.04 0.01
0.00 0.01 0.00 0.18 0.00 0.00 0.28 0.00 0.00 0.00 0.00 0.00 0.00 0.00 0.00 0.00 0.00 0.00 0.00 0.00 0.00 0.00 0.36 0.00 0.34 0.00 0.00 0.00 0.23 0.29 0.00 0.00 0.25 0.01 0.00 0.00 0.00 0.14 0.31 0.64 0.32 0.11 0.02 0.00 0.00 0.00 0.00 0.00 0.02 0.00 0.14 0.36 0.97 1.00 1.00 1.00 0.90 0.05 0.00 0.03 0.02 0.02 0.01 0.10 0.04 0.01
0.00 0.01 0.00 0.02 0.00 0.00 0.00 0.00 0.00 0.00 0.00 0.00 0.00 0.00 0.00 0.00 0.00 0.00 0.00 0.00 0.00 0.00 0.10 0.01 0.26 0.01 0.01 0.00 0.02 0.01 0.00 0.00 0.00 0.00 0.00 0.00 0.00 0.12 0.12 0.01 0.04 0.00 0.02 0.00 0.08 0.04 0.05 0.01 0.01 0.00 0.31 0.30 0.39 0.92 1.00 1.00 1.00 0.99 0.07 0.47 0.23 0.11 0.07 0.14 0.14 0.05
0.00 0.00 0.00 0.03 0.00 0.00 0.00 0.00 0.00 0.00 0.00 0.00 0.00 0.00 0.00 0.00 0.00 0.00 0.00 0.00 0.00 0.00 0.26 0.28 0.31 0.05 0.00 0.00 0.02 0.00 0.00 0.01 0.00 0.00 0.00 0.00 0.00 0.09 0.06 0.00 0.02 0.00 0.00 0.00 0.05 0.00 0.00 0.01 0.02 0.02 0.27 0.10 0.10 0.16 0.90 1.00 1.00 1.00 0.89 0.89 0.46 0.10 0.04 0.17 0.12 0.02
0.00 0.00 0.00 0.01 0.00 0.00 0.14 0.00 0.00 0.00 0.00 0.00 0.00 0.00 0.00 0.00 0.00 0.00 0.00 0.00 0.00 0.00 0.17 0.16 0.32 0.17 0.04 0.01 0.16 0.14 0.00 0.02 0.15 0.00 0.00 0.05 0.02 0.13 0.04 0.16 0.00 0.09 0.00 0.00 0.01 0.00 0.01 0.00 0.00 0.00 0.09 0.08 0.01 0.12 0.05 0.99 1.00 1.00 1.00 1.00 0.07 0.06 0.02 0.03 0.02 0.02
0.00 0.00 0.00 0.00 0.00 0.00 0.03 0.00 0.00 0.00 0.00 0.00 0.00 0.00 0.00 0.00 0.00 0.00 0.00 0.00 0.00 0.00 0.02 0.08 0.13 0.15 0.01 0.01 0.13 0.03 0.00 0.02 0.10 0.00 0.00 0.02 0.01 0.10 0.00 0.09 0.00 0.00 0.00 0.00 0.00 0.00 0.00 0.00 0.00 0.00 0.03 0.01 0.00 0.00 0.00 0.07 0.89 1.00 1.00 1.00 0.89 0.16 0.07 0.08 0.05 0.03
0.00 0.00 0.00 0.00 0.00 0.00 0.00 0.00 0.00 0.00 0.00 0.00 0.00 0.00 0.00 0.00 0.00 0.00 0.00 0.00 0.01 0.00 0.00 0.02 0.03 0.02 0.00 0.00 0.01 0.00 0.00 0.00 0.00 0.00 0.00 0.00 0.00 0.07 0.01 0.05 0.00 0.00 0.00 0.00 0.05 0.00 0.04 0.04 0.05 0.01 0.08 0.02 0.01 0.11 0.03 0.47 0.89 1.00 1.00 1.00 1.00 0.81 0.12 0.12 0.11 0.03
0.00 0.00 0.00 0.01 0.00 0.00 0.00 0.00 0.00 0.00 0.00 0.00 0.00 0.00 0.00 0.00 0.00 0.00 0.00 0.00 0.04 0.05 0.08 0.15 0.05 0.03 0.00 0.00 0.01 0.00 0.00 0.01 0.00 0.00 0.00 0.01 0.00 0.08 0.02 0.03 0.01 0.00 0.00 0.00 0.01 0.00 0.03 0.03 0.07 0.03 0.06 0.02 0.03 0.06 0.02 0.23 0.46 0.07 0.89 1.00 1.00 1.00 0.89 0.37 0.25 0.06
0.00 0.00 0.00 0.01 0.00 0.00 0.00 0.00 0.00 0.00 0.00 0.00 0.00 0.00 0.00 0.00 0.00 0.00 0.00 0.00 0.03 0.05 0.05 0.07 0.02 0.02 0.00 0.00 0.00 0.00 0.00 0.00 0.00 0.00 0.00 0.01 0.00 0.04 0.02 0.01 0.01 0.00 0.00 0.00 0.04 0.02 0.06 0.06 0.18 0.09 0.09 0.02 0.04 0.06 0.02 0.11 0.10 0.06 0.16 0.81 1.00 1.00 1.00 0.89 0.30 0.17
0.00 0.00 0.00 0.00 0.00 0.00 0.00 0.00 0.00 0.03 0.00 0.00 0.00 0.00 0.00 0.00 0.00 0.05 0.00 0.00 0.09 0.13 0.09 0.09 0.03 0.03 0.00 0.00 0.00 0.00 0.00 0.00 0.00 0.00 0.00 0.01 0.01 0.02 0.01 0.00 0.00 0.00 0.01 0.01 0.08 0.08 0.10 0.13 0.18 0.14 0.15 0.02 0.03 0.04 0.01 0.07 0.04 0.02 0.07 0.12 0.89 1.00 1.00 1.00 0.78 0.15
0.00 0.00 0.00 0.01 0.00 0.00 0.01 0.00 0.00 0.00 0.00 0.00 0.00 0.00 0.00 0.00 0.00 0.02 0.00 0.01 0.05 0.10 0.16 0.13 0.10 0.05 0.00 0.01 0.03 0.02 0.00 0.01 0.01 0.00 0.00 0.01 0.01 0.05 0.02 0.05 0.01 0.00 0.01 0.01 0.04 0.03 0.04 0.03 0.15 0.13 0.15 0.15 0.07 0.06 0.10 0.14 0.17 0.03 0.08 0.12 0.37 0.89 1.00 1.00 1.00 0.60
0.00 0.00 0.00 0.01 0.00 0.00 0.02 0.00 0.00 0.01 0.00 0.00 0.00 0.01 0.00 0.00 0.00 0.02 0.00 0.01 0.03 0.02 0.03 0.04 0.06 0.05 0.01 0.01 0.03 0.03 0.00 0.02 0.03 0.00 0.00 0.01 0.00 0.06 0.01 0.04 0.01 0.00 0.02 0.02 0.03 0.03 0.02 0.02 0.13 0.07 0.13 0.11 0.10 0.04 0.04 0.14 0.12 0.02 0.05 0.11 0.25 0.30 0.78 1.00 1.00 1.00
0.00 0.00 0.00 0.01 0.00 0.00 0.00 0.00 0.00 0.00 0.00 0.00 0.00 0.01 0.00 0.00 0.00 0.02 0.00 0.01 0.03 0.00 0.01 0.02 0.04 0.05 0.02 0.02 0.04 0.02 0.00 0.03 0.02 0.00 0.01 0.01 0.01 0.06 0.02 0.01 0.00 0.00 0.01 0.01 0.01 0.01 0.02 0.01 0.10 0.00 0.11 0.02 0.03 0.01 0.01 0.05 0.02 0.02 0.03 0.03 0.06 0.17 0.15 0.60 1.00 1.00
