1.00 1.00 0.96 0.20 0.11 0.01 0.00 0.00 0.01 0.06 0.00 0.00 0.11 0.07 0.00 0.00 0.00 0.00 0.00 0.00 0.00 0.00 0.00 0.00 0.00 0.00 0.00 0.00 0.00 0.00 0.00 0.00 0.00 0.00 0.00 0.00 0.00 0.00 0.02 0.00 0.02 0.02 0.09 0.21 0.12 0.11 0.02 0.02 0.00 0.02 0.04 0.00 0.01 0.00 0.00 0.00 0.00 0.01 0.00
1.00 1.00 1.00 0.92 0.18 0.05 0.00 0.00 0.02 0.01 0.00 0.00 0.13 0.02 0.00 0.00 0.00 0.00 0.00 0.00 0.00 0.00 0.00 0.00 0.00 0.00 0.00 0.00 0.00 0.00 0.00 0.00 0.00 0.00 0.00 0.00 0.00 0.00 0.08 0.00 0.28 0.01 0.23 0.33 0.17 0.13 0.00 0.00 0.00 0.00 0.07 0.00 0.01 0.00 0.01 0.00 0.00 0.01 0.00
0.96 1.00 1.00 1.00 0.86 0.02 0.00 0.00 0.02 0.01 0.00 0.00 0.12 0.01 0.00 0.00 0.00 0.00 0.00 0.00 0.00 0.00 0.00 0.00 0.00 0.00 0.00 0.00 0.00 0.00 0.00 0.00 0.00 0.00 0.00 0.00 0.00 0.00 0.03 0.00 0.08 0.34 0.46 0.45 0.13 0.05 0.00 0.00 0.00 0.00 0.02 0.00 0.01 0.00 0.00 0.00 0.00 0.00 0.00
0.20 0.92 1.00 1.00 1.00 0.67 0.00 0.00 0.13 0.01 0.00 0.00 0.01 0.00 0.00 0.00 0.00 0.00 0.00 0.00 0.00 0.00 0.00 0.00 0.00 0.00 0.00 0.00 0.00 0.00 0.00 0.00 0.00 0.00 0.00 0.00 0.00 0.00 0.02 0.00 0.98 0.87 0.73 0.49 0.00 0.00 0.00 0.00 0.00 0.00 0.13 0.03 0.45 0.07 0.13 0.03 0.02 0.02 0.01
0.11 0.18 0.86 1.00 1.00 1.00 0.83 0.00 0.99 1.00 0.00 0.01 0.85 0.66 0.00 0.00 0.00 0.00 0.00 0.00 0.00 0.00 0.00 0.00 0.00 0.00 0.00 0.00 0.00 0.00 0.00 0.00 0.00 0.00 0.00 0.00 0.00 0.00 0.00 0.73 1.00 1.00 0.58 0.92 0.01 0.00 0.00 0.00 0.00 0.13 0.00 0.00 0.01 0.00 0.00 0.00 0.01 0.00 0.00
0.01 0.05 0.02 0.67 1.00 1.00 1.00 1.00 1.00 1.00 0.85 0.00 0.01 0.00 0.00 0.00 0.00 0.00 0.00 0.00 0.00 0.00 0.00 0.00 0.00 0.00 0.00 0.00 0.00 0.00 0.00 0.00 0.00 0.00 0.00 0.00 0.00 0.09 0.87 1.00 1.00 1.00 0.00 0.00 0.00 0.00 0.00 0.00 0.00 0.00 0.00 0.00 0.00 0.00 0.00 0.00 0.01 0.00 0.00
0.00 0.00 0.00 0.00 0.83 1.00 1.00 1.00 1.00 1.00 1.00 0.87 0.00 0.00 0.00 0.01 0.00 0.00 1.00 0.00 0.00 0.00 1.00 0.00 0.01 0.00 0.00 0.00 0.06 1.00 0.00 0.00 1.00 1.00 0.00 0.00 0.01 0.40 0.14 1.00 0.99 1.00 0.00 0.00 0.00 0.00 0.00 0.00 0.00 0.01 0.00 0.27 0.00 0.04 0.36 0.00 0.04 0.28 0.03
0.00 0.00 0.00 0.00 0.00 1.00 1.00 1.00 1.00 1.00 1.00 1.00 0.42 0.00 0.00 0.00 0.00 0.00 0.00 0.00 0.00 0.00 0.00 0.00 0.00 0.00 0.00 0.00 0.00 0.00 0.00 0.00 0.24 1.00 0.26 0.25 0.50 0.30 0.25 0.55 0.00 0.00 0.00 0.00 0.00 0.00 0.00 0.00 0.00 0.00 0.00 0.00 0.00 0.00 0.00 0.00 0.00 0.00 0.00
0.01 0.02 0.02 0.13 0.99 1.00 1.00 1.00 1.00 1.00 1.00 1.00 1.00 0.68 0.00 0.00 0.00 0.00 0.00 0.00 0.00 0.00 0.00 0.00 0.00 0.00 0.00 0.00 0.00 0.00 0.00 0.00 0.00 0.00 0.00 0.00 0.00 0.00 0.01 0.00 0.00 0.01 0.00 0.00 0.00 0.00 0.00 0.00 0.00 0.00 0.00 0.00 0.00 0.00 0.00 0.00 0.00 0.00 0.00
0.06 0.01 0.01 0.01 1.00 1.00 1.00 1.00 1.00 1.00 1.00 1.00 1.00 1.00 0.99 0.00 0.00 0.94 1.00 0.00 0.00 0.99 0.20 0.00 0.00 0.00 0.00 0.00 0.00 0.00 0.00 0.00 0.00 0.00 0.00 0.00 0.00 0.00 0.00 0.00 0.00 1.00 0.12 0.92 0.07 0.02 0.02 0.19 0.12 0.91 0.00 0.00 0.00 0.00 0.00 0.00 0.00 0.00 0.00
0.00 0.00 0.00 0.00 0.00 0.85 1.00 1.00 1.00 1.00 1.00 1.00 1.00 1.00 1.00 1.00 0.00 0.00 1.00 0.00 0.00 0.00 0.00 0.00 0.00 0.00 0.00 0.00 0.00 0.88 0.00 0.00 0.00 0.99 0.00 0.00 0.00 0.00 0.00 0.00 0.00 0.04 0.00 0.00 0.00 0.00 0.00 0.00 0.00 0.00 0.00 0.00 0.00 0.00 0.00 0.00 0.00 0.00 0.00
0.00 0.00 0.00 0.00 0.01 0.00 0.87 1.00 1.00 1.00 1.00 1.00 1.00 1.00 0.99 0.02 0.00 0.00 0.00 0.00 0.00 0.00 0.00 0.00 0.00 0.00 0.00 0.00 0.00 0.00 0.00 0.00 0.00 0.02 0.00 0.00 0.00 0.00 0.00 0.00 0.00 0.00 0.00 0.00 0.00 0.00 0.00 0.00 0.00 0.00 0.00 0.00 0.00 0.00 0.00 0.00 0.00 0.00 0.00
0.11 0.13 0.12 0.01 0.85 0.01 0.00 0.42 1.00 1.00 1.00 1.00 1.00 1.00 0.99 0.00 0.00 0.00 0.00 0.00 0.00 0.00 0.00 0.00 0.00 0.00 0.00 0.00 0.00 0.00 0.00 0.00 0.00 0.00 0.00 0.00 0.00 0.00 0.00 0.00 0.00 0.00 0.00 0.20 0.01 0.01 0.01 0.01 0.00 0.00 0.00 0.00 0.00 0.00 0.00 0.00 0.00 0.00 0.00
0.07 0.02 0.01 0.00 0.66 0.00 0.00 0.00 0.68 1.00 1.00 1.00 1.00 1.00 1.00 0.13 0.01 1.00 0.98 0.00 0.00 0.09 0.00 0.00 0.00 0.00 0.00 0.00 0.00 0.00 0.00 0.00 0.00 0.00 0.00 0.00 0.00 0.00 0.00 0.00 0.00 0.00 0.00 0.41 0.02 0.02 0.01 0.03 0.01 0.00 0.00 0.00 0.00 0.00 0.00 0.00 0.00 0.00 0.00
0.00 0.00 0.00 0.00 0.00 0.00 0.00 0.00 0.00 0.99 1.00 0.99 0.99 1.00 1.00 1.00 1.00 1.00 1.00 0.58 0.00 0.00 0.00 0.00 0.00 0.00 0.00 0.00 0.00 0.00 0.00 0.00 0.00 0.00 0.00 0.00 0.00 0.00 0.00 0.00 0.00 0.00 0.00 0.00 0.00 0.00 0.00 0.00 0.00 0.00 0.00 0.00 0.00 0.00 0.00 0.00 0.00 0.00 0.00
0.00 0.00 0.00 0.00 0.00 0.00 0.01 0.00 0.00 0.00 1.00 0.02 0.00 0.13 1.00 1.00 1.00 1.00 1.00 1.00 0.66 0.00 0.00 0.00 0.00 0.00 0.99 0.05 0.00 1.00 0.98 0.00 0.00 0.94 0.07 0.00 0.00 0.00 0.00 0.00 0.00 0.00 0.00 0.00 0.00 0.00 0.00 0.00 0.00 0.00 0.00 0.00 0.00 0.00 0.00 0.00 0.00 0.00 0.00
0.00 0.00 0.00 0.00 0.00 0.00 0.00 0.00 0.00 0.00 0.00 0.00 0.00 0.01 1.00 1.00 1.00 1.00 1.00 1.00 1.00 0.50 0.00 0.00 0.00 0.00 0.99 0.00 0.00 0.02 0.00 0.00 0.00 0.00 0.00 0.00 0.00 0.00 0.00 0.00 0.00 0.00 0.00 0.00 0.00 0.00 0.00 0.00 0.00 0.00 0.00 0.00 0.00 0.00 0.00 0.00 0.00 0.00 0.00
0.00 0.00 0.00 0.00 0.00 0.00 0.00 0.00 0.00 0.94 0.00 0.00 0.00 1.00 1.00 1.00 1.00 1.00 1.00 1.00 1.00 1.00 0.90 0.00 0.00 0.00 0.00 0.00 0.00 0.00 0.00 0.00 0.00 0.00 0.00 0.00 0.00 0.00 0.00 0.00 0.00 0.00 0.00 0.04 0.04 0.05 0.05 0.14 0.07 0.17 0.00 0.00 0.00 0.00 0.00 0.00 0.00 0.00 0.00
0.00 0.00 0.00 0.00 0.00 0.00 1.00 0.00 0.00 1.00 1.00 0.00 0.00 0.98 1.00 1.00 1.00 1.00 1.00 1.00 1.00 1.00 1.00 0.77 0.34 0.00 0.03 0.00 0.00 1.00 0.00 0.00 0.00 0.60 0.00 0.00 0.00 0.00 0.00 0.00 0.00 0.89 0.00 0.00 0.00 0.00 0.00 0.01 0.00 0.19 0.00 0.00 0.00 0.00 0.00 0.00 0.00 0.01 0.00
0.00 0.00 0.00 0.00 0.00 0.00 0.00 0.00 0.00 0.00 0.00 0.00 0.00 0.00 0.58 1.00 1.00 1.00 1.00 1.00 1.00 1.00 1.00 1.00 1.00 0.99 1.00 0.00 0.02 1.00 0.00 0.00 0.00 0.00 0.00 0.00 0.00 0.00 0.00 0.00 0.00 0.00 0.00 0.00 0.00 0.00 0.00 0.00 0.00 0.00 0.00 0.00 0.00 0.00 0.00 0.00 0.00 0.00 0.00
0.00 0.00 0.00 0.00 0.00 0.00 0.00 0.00 0.00 0.00 0.00 0.00 0.00 0.00 0.00 0.66 1.00 1.00 1.00 1.00 1.00 1.00 1.00 1.00 0.85 0.00 0.06 0.00 0.00 0.00 0.00 0.00 0.00 0.00 0.00 0.00 0.00 0.00 0.00 0.00 0.00 0.00 0.00 0.00 0.00 0.00 0.01 0.01 0.01 0.00 0.00 0.00 0.00 0.00 0.00 0.00 0.00 0.00 0.00
0.00 0.00 0.00 0.00 0.00 0.00 0.00 0.00 0.00 0.99 0.00 0.00 0.00 0.09 0.00 0.00 0.50 1.00 1.00 1.00 1.00 1.00 1.00 1.00 0.00 0.00 0.00 0.00 0.00 0.00 0.00 0.00 0.00 0.00 0.00 0.00 0.00 0.00 0.00 0.00 0.00 0.20 0.00 0.01 0.02 0.04 0.05 0.17 0.30 0.95 0.02 0.07 0.00 0.00 0.00 0.01 0.00 0.00 0.00
0.00 0.00 0.00 0.00 0.00 0.00 1.00 0.00 0.00 0.20 0.00 0.00 0.00 0.00 0.00 0.00 0.00 0.90 1.00 1.00 1.00 1.00 1.00 1.00 1.00 0.00 0.00 0.00 0.01 1.00 0.00 0.00 0.01 0.00 0.00 0.00 0.00 0.00 0.00 0.32 0.01 1.00 0.02 0.00 0.00 0.00 0.00 0.02 0.06 0.90 0.70 0.88 0.06 0.01 0.41 0.19 0.28 0.34 0.05
0.00 0.00 0.00 0.00 0.00 0.00 0.00 0.00 0.00 0.00 0.00 0.00 0.00 0.00 0.00 0.00 0.00 0.00 0.77 1.00 1.00 1.00 1.00 1.00 1.00 0.18 0.00 0.00 0.00 0.00 0.00 0.00 0.00 0.00 0.00 0.00 0.00 0.00 0.00 0.00 0.00 0.00 0.00 0.00 0.00 0.00 0.00 0.00 0.01 0.00 0.00 0.02 0.00 0.00 0.00 0.08 0.22 0.16 0.04
0.00 0.00 0.00 0.00 0.00 0.00 0.01 0.00 0.00 0.00 0.00 0.00 0.00 0.00 0.00 0.00 0.00 0.00 0.34 1.00 0.85 0.00 1.00 1.00 1.00 1.00 0.98 0.00 1.00 1.00 0.00 0.00 0.01 0.00 0.00 0.00 0.00 0.00 0.00 0.00 0.00 0.00 0.00 0.00 0.00 0.00 0.00 0.00 0.00 0.00 0.01 0.02 0.01 0.01 0.39 0.35 0.31 0.52 0.23
0.00 0.00 0.00 0.00 0.00 0.00 0.00 0.00 0.00 0.00 0.00 0.00 0.00 0.00 0.00 0.00 0.00 0.00 0.00 0.99 0.00 0.00 0.00 0.18 1.00 1.00 1.00 1.00 1.00 1.00 0.16 0.07 0.00 0.00 0.00 0.00 0.00 0.00 0.00 0.00 0.00 0.00 0.00 0.00 0.00 0.00 0.00 0.00 0.00 0.00 0.00 0.00 0.00 0.00 0.00 0.01 0.04 0.22 0.22
0.00 0.00 0.00 0.00 0.00 0.00 0.00 0.00 0.00 0.00 0.00 0.00 0.00 0.00 0.00 0.99 0.99 0.00 0.03 1.00 0.06 0.00 0.00 0.00 0.98 1.00 1.00 1.00 1.00 1.00 1.00 0.70 0.00 0.01 0.00 0.00 0.00 0.00 0.00 0.00 0.00 0.00 0.00 0.00 0.00 0.00 0.00 0.00 0.00 0.00 0.00 0.00 0.00 0.00 0.00 0.00 0.00 0.00 0.00
0.00 0.00 0.00 0.00 0.00 0.00 0.00 0.00 0.00 0.00 0.00 0.00 0.00 0.00 0.00 0.05 0.00 0.00 0.00 0.00 0.00 0.00 0.00 0.00 0.00 1.00 1.00 1.00 1.00 1.00 1.00 1.00 0.70 0.00 0.00 0.00 0.00 0.00 0.00 0.00 0.00 0.00 0.00 0.00 0.00 0.00 0.00 0.00 0.00 0.00 0.00 0.00 0.00 0.00 0.00 0.00 0.01 0.02 0.03
0.00 0.00 0.00 0.00 0.00 0.00 0.06 0.00 0.00 0.00 0.00 0.00 0.00 0.00 0.00 0.00 0.00 0.00 0.00 0.02 0.00 0.00 0.01 0.00 1.00 1.00 1.00 1.00 1.00 1.00 1.00 1.00 1.00 0.55 0.00 0.00 0.00 0.04 0.00 0.00 0.00 0.00 0.00 0.00 0.00 0.00 0.00 0.00 0.00 0.00 0.00 0.00 0.00 0.01 0.33 0.06 0.08 0.34 0.27
0.00 0.00 0.00 0.00 0.00 0.00 1.00 0.00 0.00 0.00 0.88 0.00 0.00 0.00 0.00 1.00 0.02 0.00 1.00 1.00 0.00 0.00 1.00 0.00 1.00 1.00 1.00 1.00 1.00 1.00 1.00 1.00 1.00 1.00 0.84 0.00 0.00 0.00 0.00 0.02 0.00 0.02 0.00 0.00 0.00 0.00 0.00 0.00 0.00 0.00 0.00 0.00 0.00 0.00 0.37 0.00 0.04 0.29 0.08
0.00 0.00 0.00 0.00 0.00 0.00 0.00 0.00 0.00 0.00 0.00 0.00 0.00 0.00 0.00 0.98 0.00 0.00 0.00 0.00 0.00 0.00 0.00 0.00 0.00 0.16 1.00 1.00 1.00 1.00 1.00 1.00 1.00 1.00 1.00 0.57 0.00 0.00 0.00 0.00 0.00 0.00 0.00 0.00 0.00 0.00 0.00 0.00 0.00 0.00 0.00 0.00 0.00 0.00 0.00 0.00 0.00 0.00 0.00
0.00 0.00 0.00 0.00 0.00 0.00 0.00 0.00 0.00 0.00 0.00 0.00 0.00 0.00 0.00 0.00 0.00 0.00 0.00 0.00 0.00 0.00 0.00 0.00 0.00 0.07 0.70 1.00 1.00 1.00 1.00 1.00 1.00 1.00 1.00 1.00 0.30 0.16 0.00 0.00 0.00 0.00 0.00 0.00 0.00 0.00 0.00 0.00 0.00 0.00 0.00 0.00 0.00 0.01 0.00 0.01 0.03 0.07 0.15
0.00 0.00 0.00 0.00 0.00 0.00 1.00 0.24 0.00 0.00 0.00 0.00 0.00 0.00 0.00 0.00 0.00 0.00 0.00 0.00 0.00 0.00 0.01 0.00 0.01 0.00 0.00 0.70 1.00 1.00 1.00 1.00 1.00 1.00 1.00 1.00 0.60 0.69 0.00 0.97 0.00 0.00 0.00 0.00 0.00 0.00 0.00 0.00 0.00 0.00 0.00 0.00 0.00 0.12 0.34 0.02 0.05 0.31 0.18
0.00 0.00 0.00 0.00 0.00 0.00 1.00 1.00 0.00 0.00 0.99 0.02 0.00 0.00 0.00 0.94 0.00 0.00 0.60 0.00 0.00 0.00 0.00 0.00 0.00 0.00 0.01 0.00 0.55 1.00 1.00 1.00 1.00 1.00 1.00 1.00 0.63 0.49 0.00 0.13 0.00 0.00 0.00 0.00 0.00 0.00 0.00 0.00 0.00 0.00 0.00 0.00 0.00 0.00 0.00 0.00 0.00 0.00 0.00
0.00 0.00 0.00 0.00 0.00 0.00 0.00 0.26 0.00 0.00 0.00 0.00 0.00 0.00 0.00 0.07 0.00 0.00 0.00 0.00 0.00 0.00 0.00 0.00 0.00 0.00 0.00 0.00 0.00 0.84 1.00 1.00 1.00 1.00 1.00 1.00 0.99 0.00 0.00 0.00 0.00 0.00 0.00 0.00 0.00 0.00 0.00 0.00 0.00 0.00 0.00 0.00 0.00 0.00 0.00 0.00 0.00 0.00 0.00
0.00 0.00 0.00 0.00 0.00 0.00 0.00 0.25 0.00 0.00 0.00 0.00 0.00 0.00 0.00 0.00 0.00 0.00 0.00 0.00 0.00 0.00 0.00 0.00 0.00 0.00 0.00 0.00 0.00 0.00 0.57 1.00 1.00 1.00 1.00 1.00 1.00 0.99 0.01 0.39 0.00 0.00 0.00 0.00 0.00 0.00 0.00 0.00 0.00 0.00 0.00 0.00 0.00 0.01 0.00 0.00 0.01 0.04 0.07
0.00 0.00 0.00 0.00 0.00 0.00 0.01 0.50 0.00 0.00 0.00 0.00 0.00 0.00 0.00 0.00 0.00 0.00 0.00 0.00 0.00 0.00 0.00 0.00 0.00 0.00 0.00 0.00 0.00 0.00 0.00 0.30 0.60 0.63 0.99 1.00 1.00 1.00 0.88 0.00 0.00 0.00 0.00 0.00 0.00 0.00 0.00 0.00 0.00 0.00 0.00 0.00 0.00 0.00 0.00 0.00 0.00 0.01 0.00
0.00 0.00 0.00 0.00 0.00 0.09 0.40 0.30 0.00 0.00 0.00 0.00 0.00 0.00 0.00 0.00 0.00 0.00 0.00 0.00 0.00 0.00 0.00 0.00 0.00 0.00 0.00 0.00 0.04 0.00 0.00 0.16 0.69 0.49 0.00 0.99 1.00 1.00 1.00 1.00 0.02 0.00 0.00 0.00 0.00 0.00 0.00 0.00 0.00 0.00 0.00 0.00 0.02 0.59 0.13 0.26 0.26 0.37 0.32
0.02 0.08 0.03 0.02 0.00 0.87 0.14 0.25 0.01 0.00 0.00 0.00 0.00 0.00 0.00 0.00 0.00 0.00 0.00 0.00 0.00 0.00 0.00 0.00 0.00 0.00 0.00 0.00 0.00 0.00 0.00 0.00 0.00 0.00 0.00 0.01 0.88 1.00 1.00 1.00 0.99 0.00 0.00 0.00 0.00 0.00 0.00 0.00 0.00 0.00 0.00 0.00 0.16 0.32 0.23 0.08 0.05 0.04 0.01
0.00 0.00 0.00 0.00 0.73 1.00 1.00 0.55 0.00 0.00 0.00 0.00 0.00 0.00 0.00 0.00 0.00 0.00 0.00 0.00 0.00 0.00 0.32 0.00 0.00 0.00 0.00 0.00 0.00 0.02 0.00 0.00 0.97 0.13 0.00 0.39 0.00 1.00 1.00 1.00 1.00 1.00 0.00 0.00 0.00 0.00 0.00 0.00 0.00 0.07 0.02 0.76 0.38 0.70 0.63 0.12 0.11 0.33 0.11
0.02 0.28 0.08 0.98 1.00 1.00 0.99 0.00 0.00 0.00 0.00 0.00 0.00 0.00 0.00 0.00 0.00 0.00 0.00 0.00 0.00 0.00 0.01 0.00 0.00 0.00 0.00 0.00 0.00 0.00 0.00 0.00 0.00 0.00 0.00 0.00 0.00 0.02 0.99 1.00 1.00 1.00 0.77 0.00 0.00 0.00 0.00 0.00 0.03 0.07 0.49 0.83 0.67 0.51 0.26 0.04 0.03 0.03 0.00
0.02 0.01 0.34 0.87 1.00 1.00 1.00 0.00 0.01 1.00 0.04 0.00 0.00 0.00 0.00 0.00 0.00 0.00 0.89 0.00 0.00 0.20 1.00 0.00 0.00 0.00 0.00 0.00 0.00 0.02 0.00 0.00 0.00 0.00 0.00 0.00 0.00 0.00 0.00 1.00 1.00 1.00 1.00 0.89 0.01 0.00 0.00 0.04 0.07 0.99 0.94 0.86 0.51 0.06 0.14 0.01 0.02 0.13 0.01
0.09 0.23 0.46 0.73 0.58 0.00 0.00 0.00 0.00 0.12 0.00 0.00 0.00 0.00 0.00 0.00 0.00 0.00 0.00 0.00 0.00 0.00 0.02 0.00 0.00 0.00 0.00 0.00 0.00 0.00 0.00 0.00 0.00 0.00 0.00 0.00 0.00 0.00 0.00 0.00 0.77 1.00 1.00 1.00 0.98 0.00 0.00 0.07 0.82 0.99 0.98 0.84 0.46 0.02 0.01 0.00 0.00 0.03 0.00
0.21 0.33 0.45 0.49 0.92 0.00 0.00 0.00 0.00 0.92 0.00 0.00 0.20 0.41 0.00 0.00 0.00 0.04 0.00 0.00 0.00 0.01 0.00 0.00 0.00 0.00 0.00 0.00 0.00 0.00 0.00 0.00 0.00 0.00 0.00 0.00 0.00 0.00 0.00 0.00 0.00 0.89 1.00 1.00 1.00 0.80 0.03 0.74 0.88 0.90 0.86 0.01 0.00 0.00 0.00 0.00 0.00 0.00 0.00
0.12 0.17 0.13 0.00 0.01 0.00 0.00 0.00 0.00 0.07 0.00 0.00 0.01 0.02 0.00 0.00 0.00 0.04 0.00 0.00 0.00 0.02 0.00 0.00 0.00 0.00 0.00 0.00 0.00 0.00 0.00 0.00 0.00 0.00 0.00 0.00 0.00 0.00 0.00 0.00 0.00 0.01 0.98 1.00 1.00 1.00 0.98 0.98 0.98 0.90 0.78 0.01 0.00 0.00 0.00 0.00 0.00 0.02 0.00
0.11 0.13 0.05 0.00 0.00 0.00 0.00 0.00 0.00 0.02 0.00 0.00 0.01 0.02 0.00 0.00 0.00 0.05 0.00 0.00 0.00 0.04 0.00 0.00 0.00 0.00 0.00 0.00 0.00 0.00 0.00 0.00 0.00 0.00 0.00 0.00 0.00 0.00 0.00 0.00 0.00 0.00 0.00 0.80 1.00 1.00 1.00 1.00 0.11 0.01 0.03 0.00 0.00 0.00 0.00 0.00 0.00 0.00 0.00
0.02 0.00 0.00 0.00 0.00 0.00 0.00 0.00 0.00 0.02 0.00 0.00 0.01 0.01 0.00 0.00 0.00 0.05 0.00 0.00 0.01 0.05 0.00 0.00 0.00 0.00 0.00 0.00 0.00 0.00 0.00 0.00 0.00 0.00 0.00 0.00 0.00 0.00 0.00 0.00 0.00 0.00 0.00 0.03 0.98 1.00 1.00 1.00 0.87 0.01 0.05 0.00 0.00 0.00 0.00 0.00 0.00 0.00 0.00
0.02 0.00 0.00 0.00 0.00 0.00 0.00 0.00 0.00 0.19 0.00 0.00 0.01 0.03 0.00 0.00 0.00 0.14 0.01 0.00 0.01 0.17 0.02 0.00 0.00 0.00 0.00 0.00 0.00 0.00 0.00 0.00 0.00 0.00 0.00 0.00 0.00 0.00 0.00 0.00 0.00 0.04 0.07 0.74 0.98 1.00 1.00 1.00 1.00 0.89 0.01 0.00 0.00 0.00 0.00 0.00 0.00 0.00 0.00
0.00 0.00 0.00 0.00 0.00 0.00 0.00 0.00 0.00 0.12 0.00 0.00 0.00 0.01 0.00 0.00 0.00 0.07 0.00 0.00 0.01 0.30 0.06 0.01 0.00 0.00 0.00 0.00 0.00 0.00 0.00 0.00 0.00 0.00 0.00 0.00 0.00 0.00 0.00 0.00 0.03 0.07 0.82 0.88 0.98 0.11 0.87 1.00 1.00 1.00 0.81 0.00 0.00 0.00 0.00 0.01 0.00 0.01 0.00
0.02 0.00 0.00 0.00 0.13 0.00 0.01 0.00 0.00 0.91 0.00 0.00 0.00 0.00 0.00 0.00 0.00 0.17 0.19 0.00 0.00 0.95 0.90 0.00 0.00 0.00 0.00 0.00 0.00 0.00 0.00 0.00 0.00 0.00 0.00 0.00 0.00 0.00 0.00 0.07 0.07 0.99 0.99 0.90 0.90 0.01 0.01 0.89 1.00 1.00 1.00 0.60 0.03 0.00 0.04 0.03 0.05 0.04 0.01
0.04 0.07 0.02 0.13 0.00 0.00 0.00 0.00 0.00 0.00 0.00 0.00 0.00 0.00 0.00 0.00 0.00 0.00 0.00 0.00 0.00 0.02 0.70 0.00 0.01 0.00 0.00 0.00 0.00 0.00 0.00 0.00 0.00 0.00 0.00 0.00 0.00 0.00 0.00 0.02 0.49 0.94 0.98 0.86 0.78 0.03 0.05 0.01 0.81 1.00 1.00 1.00 0.93 0.14 0.09 0.25 0.21 0.09 0.02
0.00 0.00 0.00 0.03 0.00 0.00 0.27 0.00 0.00 0.00 0.00 0.00 0.00 0.00 0.00 0.00 0.00 0.00 0.00 0.00 0.00 0.07 0.88 0.02 0.02 0.00 0.00 0.00 0.00 0.00 0.00 0.00 0.00 0.00 0.00 0.00 0.00 0.00 0.00 0.76 0.83 0.86 0.84 0.01 0.01 0.00 0.00 0.00 0.00 0.60 1.00 1.00 1.00 0.89 0.46 0.40 0.17 0.24 0.00
0.01 0.01 0.01 0.45 0.01 0.00 0.00 0.00 0.00 0.00 0.00 0.00 0.00 0.00 0.00 0.00 0.00 0.00 0.00 0.00 0.00 0.00 0.06 0.00 0.01 0.00 0.00 0.00 0.00 0.00 0.00 0.00 0.00 0.00 0.00 0.00 0.00 0.02 0.16 0.38 0.67 0.51 0.46 0.00 0.00 0.00 0.00 0.00 0.00 0.03 0.93 1.00 1.00 1.00 0.97 0.47 0.14 0.12 0.00
0.00 0.00 0.00 0.07 0.00 0.00 0.04 0.00 0.00 0.00 0.00 0.00 0.00 0.00 0.00 0.00 0.00 0.00 0.00 0.00 0.00 0.00 0.01 0.00 0.01 0.00 0.00 0.00 0.01 0.00 0.00 0.01 0.12 0.00 0.00 0.01 0.00 0.59 0.32 0.70 0.51 0.06 0.02 0.00 0.00 0.00 0.00 0.00 0.00 0.00 0.14 0.89 1.00 1.00 1.00 0.93 0.12 0.14 0.01
0.00 0.01 0.00 0.13 0.00 0.00 0.36 0.00 0.00 0.00 0.00 0.00 0.00 0.00 0.00 0.00 0.00 0.00 0.00 0.00 0.00 0.00 0.41 0.00 0.39 0.00 0.00 0.00 0.33 0.37 0.00 0.00 0.34 0.00 0.00 0.00 0.00 0.13 0.23 0.63 0.26 0.14 0.01 0.00 0.00 0.00 0.00 0.00 0.00 0.04 0.09 0.46 0.97 1.00 1.00 1.00 0.87 0.07 0.00
0.00 0.00 0.00 0.03 0.00 0.00 0.00 0.00 0.00 0.00 0.00 0.00 0.00 0.00 0.00 0.00 0.00 0.00 0.00 0.00 0.00 0.01 0.19 0.08 0.35 0.01 0.00 0.00 0.06 0.00 0.00 0.01 0.02 0.00 0.00 0.00 0.00 0.26 0.08 0.12 0.04 0.01 0.00 0.00 0.00 0.00 0.00 0.00 0.01 0.03 0.25 0.40 0.47 0.93 1.00 1.00 1.00 0.99 0.20
0.00 0.00 0.00 0.02 0.01 0.01 0.04 0.00 0.00 0.00 0.00 0.00 0.00 0.00 0.00 0.00 0.00 0.00 0.00 0.00 0.00 0.00 0.28 0.22 0.31 0.04 0.00 0.01 0.08 0.04 0.00 0.03 0.05 0.00 0.00 0.01 0.00 0.26 0.05 0.11 0.03 0.02 0.00 0.00 0.00 0.00 0.00 0.00 0.00 0.05 0.21 0.17 0.14 0.12 0.87 1.00 1.00 1.00 0.77
0.01 0.01 0.00 0.02 0.00 0.00 0.28 0.00 0.00 0.00 0.00 0.00 0.00 0.00 0.00 0.00 0.00 0.00 0.01 0.00 0.00 0.00 0.34 0.16 0.52 0.22 0.00 0.02 0.34 0.29 0.00 0.07 0.31 0.00 0.00 0.04 0.01 0.37 0.04 0.33 0.03 0.13 0.03 0.00 0.02 0.00 0.00 0.00 0.01 0.04 0.09 0.24 0.12 0.14 0.07 0.99 1.00 1.00 1.00
0.00 0.00 0.00 0.01 0.00 0.00 0.03 0.00 0.00 0.00 0.00 0.00 0.00 0.00 0.00 0.00 0.00 0.00 0.00 0.00 0.00 0.00 0.05 0.04 0.23 0.22 0.00 0.03 0.27 0.08 0.00 0.15 0.18 0.00 0.00 0.07 0.00 0.32 0.01 0.11 0.00 0.01 0.00 0.00 0.00 0.00 0.00 0.00 0.00 0.01 0.02 0.00 0.00 0.01 0.00 0.20 0.77 1.00 1.00
